1:ItNr	2:Metric	3a:Time	3b:StepSize	4:||Gradient||	Time[ms]
0	-0.181455	0.000000	18.553144	0.005604	1354.8
1	-0.160886	0.000000	18.553144	0.004132	3.6
2	-0.196098	0.990497	17.717472	0.024112	4.0
3	-0.178968	0.297663	18.293839	0.018338	4.1
4	-0.169031	1.297663	17.473402	0.012782	4.0
5	-0.185321	0.604829	18.033747	0.017776	3.3
6	-0.187652	1.604829	17.235964	0.008940	3.5
7	-0.172908	1.876385	17.031363	0.013259	3.4
8	-0.172145	1.183551	17.563285	0.006467	3.7
9	-0.204736	2.183425	16.805801	0.005568	3.3
10	-0.163456	1.493244	17.321468	0.014235	3.4
11	-0.192877	2.493235	16.584179	0.019063	3.3
12	-0.181247	1.800400	17.088122	0.013912	3.5
13	-0.184662	2.800400	16.370146	0.008374	3.2
14	-0.156674	2.845953	16.338874	0.004038	3.3
15	-0.159146	3.787713	15.718111	0.003539	3.4
16	-0.192081	3.547408	15.871982	0.009998	3.4
17	-0.178714	3.230062	16.079861	0.011625	3.2
18	-0.168190	2.537228	16.553182	0.009389	3.4
19	-0.177858	1.844394	17.055214	0.014612	3.4
20	-0.183379	2.844393	16.339942	0.013001	3.4
21	-0.178070	3.844393	15.682251	0.016176	3.4
22	-0.179928	3.151559	16.132127	0.010810	3.8
23	-0.191950	4.151559	15.490730	0.012417	3.3
24	-0.180873	5.151559	14.898386	0.015686	3.4
25	-0.197947	6.151559	14.349674	0.012873	3.2
26	-0.186793	5.458725	14.725427	0.010928	3.7
27	-0.155796	6.458719	14.189155	0.005663	3.3
28	-0.180927	5.767057	14.555803	0.009347	5.4
29	-0.175687	5.074649	14.942330	0.011108	3.3
30	-0.193583	6.074649	14.390436	0.006881	3.3
31	-0.172598	5.384536	14.766832	0.005596	3.3
32	-0.182164	6.376778	14.231624	0.010113	4.8
33	-0.182615	7.376758	13.730110	0.009136	3.3
34	-0.181652	8.376758	13.262730	0.010380	3.9
35	-0.182764	9.152531	12.921503	0.011352	3.4
36	-0.200220	8.460316	13.225113	0.007949	4.0
37	-0.199105	9.451316	12.794719	0.006304	3.4
38	-0.179284	10.402012	12.407358	0.015176	3.3
39	-0.186133	11.401992	12.024447	0.009291	3.3
40	-0.179493	12.401992	11.664455	0.002528	3.3
41	-0.198632	11.801573	11.877968	0.009388	3.3
42	-0.199305	12.481971	11.636591	0.004360	3.5
43	-0.168752	11.798787	11.878976	0.019484	3.4
44	-0.149957	12.798343	11.527666	0.014274	3.3
45	-0.188206	13.798343	11.196396	0.004343	3.4
46	-0.172249	14.682215	10.919054	0.011288	3.3
47	-0.179121	15.037645	10.811362	0.007369	3.8
48	-0.186350	16.037643	10.519460	0.011599	3.3
49	-0.191104	17.037643	10.242906	0.012998	3.3
50	-0.169816	18.037643	9.980521	0.007415	3.3
51	-0.177958	19.037640	9.731243	0.006448	3.3
52	-0.179529	19.508530	9.618123	0.008408	5.2
53	-0.180633	20.508510	9.386413	0.025055	3.3
54	-0.187880	21.507626	9.165791	0.006609	3.5
55	-0.169485	22.507614	8.955123	0.006389	4.1
56	-0.148581	23.505890	8.754257	0.011680	3.8
57	-0.181091	24.505880	8.561883	0.004807	3.8
58	-0.178754	25.421870	8.392941	0.011864	3.4
59	-0.178140	24.784688	8.509745	0.005721	3.4
60	-0.183542	24.092049	8.640459	0.012102	3.4
61	-0.178818	25.090655	8.453254	0.005258	3.3
62	-0.185084	26.090649	8.273745	0.003689	3.3
63	-0.191875	26.899143	8.134092	0.004939	3.5
64	-0.161047	26.226042	8.250025	0.008523	3.4
65	-0.173847	26.995193	8.117813	0.011748	3.3
66	-0.195290	27.991629	7.952706	0.015186	3.3
67	-0.182144	28.991629	7.793625	0.006794	3.5
68	-0.171571	29.991629	7.640784	0.013874	3.4
69	-0.180732	30.991629	7.493822	0.012381	3.7
70	-0.192085	31.991629	7.352407	0.003281	3.5
71	-0.191336	31.933964	7.360416	0.005104	3.8
72	-0.197208	31.309043	7.448349	0.012961	3.8
73	-0.195579	30.833477	7.516687	0.005265	3.4
74	-0.177389	30.141520	7.618389	0.019438	3.3
75	-0.176007	31.141509	7.472281	0.004951	3.3
76	-0.159078	32.141124	7.331723	0.015578	3.3
77	-0.179885	33.140882	7.196337	0.010508	3.3
78	-0.160260	32.448048	7.289621	0.008279	3.3
79	-0.175478	31.755222	7.385354	0.004572	3.2
80	-0.181017	31.084484	7.480462	0.008374	3.3
81	-0.181285	32.083365	7.339701	0.006615	3.3
82	-0.171515	31.390553	7.436761	0.028743	3.4
83	-0.152448	31.237596	7.458536	0.002871	3.4
84	-0.163133	32.237592	7.318438	0.005088	3.4
85	-0.187679	32.385110	7.298215	0.005454	3.4
86	-0.178002	32.233637	7.318982	0.014614	3.4
87	-0.191395	33.232595	7.184167	0.006158	3.4
88	-0.174817	34.138970	7.066074	0.018170	3.8
89	-0.179893	33.813684	7.108006	0.017496	3.4
90	-0.178198	34.813684	6.980654	0.009057	3.7
91	-0.166108	34.120850	7.068396	0.008682	3.6
92	-0.173393	33.428017	7.158372	0.008623	3.4
93	-0.185308	34.397003	7.033161	0.005080	3.3
94	-0.163935	35.299358	6.920434	0.003884	3.3
95	-0.201744	35.470277	6.899488	0.012087	3.5
96	-0.171628	36.467882	6.779718	0.010905	3.3
97	-0.173163	35.785777	6.861155	0.011616	3.4
98	-0.169080	35.092943	6.945901	0.006779	3.3
99	-0.179931	34.440429	7.027652	0.008532	4.2
100	-0.166657	35.431161	6.904271	0.005508	3.8
101	-0.180945	34.738502	6.990070	0.010536	6.9
102	-0.210148	35.738499	6.866872	0.010188	3.7
103	-0.198676	35.045665	6.951760	0.002767	5.0
104	-0.187571	36.017312	6.833293	0.004843	3.4
105	-0.165912	35.775934	6.862344	0.008705	3.6
106	-0.169922	35.278053	6.923054	0.008529	3.7
107	-0.197636	34.585219	7.009346	0.004848	3.3
108	-0.180747	35.522331	6.893134	0.011183	3.4
109	-0.198833	35.053727	6.950760	0.010893	3.3
110	-0.169176	36.053725	6.828932	0.006830	4.1
111	-0.198473	37.053717	6.711302	0.006101	4.1
112	-0.202899	36.361435	6.792299	0.014508	4.6
113	-0.154857	37.361434	6.675916	0.007528	4.2
114	-0.168407	38.361409	6.563456	0.010697	4.3
115	-0.173289	37.668577	6.640966	0.006960	3.3
116	-0.169233	38.667576	6.529778	0.017344	5.8
117	-0.187686	39.667575	6.422146	0.008412	3.4
118	-0.181573	40.667547	6.318007	0.012564	3.3
119	-0.177217	41.667547	6.217189	0.015463	3.3
120	-0.175643	40.974713	6.286693	0.005540	3.4
121	-0.168578	41.974617	6.186874	0.005149	3.6
122	-0.179240	42.201756	6.164639	0.002531	3.8
123	-0.188778	42.847801	6.102262	0.009889	3.4
124	-0.200570	42.226869	6.162191	0.004335	3.4
125	-0.191959	43.209660	6.067872	0.007603	3.4
126	-0.172733	42.929073	6.094504	0.022145	3.3
127	-0.185311	43.929072	6.000640	0.004592	3.2
128	-0.178686	44.920655	5.910378	0.017817	3.3
129	-0.187667	45.920288	5.822091	0.006870	3.3
130	-0.180789	45.662124	5.844639	0.007862	3.3
131	-0.195121	45.149427	5.889938	0.009225	3.7
132	-0.193572	46.149379	5.802228	0.021365	3.4
133	-0.179456	45.456544	5.862719	0.006751	3.3
134	-0.200536	44.763710	5.924484	0.007414	3.6
135	-0.184425	45.687696	5.842397	0.016462	3.3
136	-0.178079	45.008685	5.902496	0.012149	3.3
137	-0.189461	44.315850	5.965107	0.018122	3.4
138	-0.178975	45.315850	5.875157	0.007692	3.8
139	-0.178840	44.623016	5.937185	0.008794	3.4
140	-0.189995	43.933944	6.000190	0.006738	3.6
141	-0.195141	44.933242	5.909250	0.007718	3.4
142	-0.203183	45.779897	5.834331	0.005448	3.4
143	-0.174870	45.133649	5.891343	0.016231	3.7
144	-0.182382	45.787461	5.833670	0.006610	4.1
145	-0.175389	46.786873	5.747662	0.006526	3.5
146	-0.221066	46.119919	5.804775	0.005753	3.4
147	-0.186771	47.118420	5.719687	0.009836	3.3
148	-0.189677	46.425597	5.778459	0.008003	3.3
149	-0.155510	45.937057	5.820633	0.011849	3.3
150	-0.178409	45.244224	5.881509	0.008987	3.3
151	-0.189806	44.551390	5.943673	0.007094	3.5
152	-0.149342	43.858557	6.007164	0.008636	3.7
153	-0.164100	43.167008	6.071906	0.007559	3.3
154	-0.174048	44.132161	5.981930	0.018394	3.3
155	-0.186004	43.439327	6.046246	0.008069	3.3
156	-0.173916	42.756013	6.111047	0.005537	3.5
157	-0.178700	43.639345	6.027537	0.007230	3.5
158	-0.177401	42.965030	6.091078	0.005544	3.8
159	-0.175152	43.963011	5.997505	0.006938	3.5
160	-0.191512	44.247130	5.971389	0.006865	3.9
161	-0.151404	45.247056	5.881258	0.002794	3.4
162	-0.194017	45.274624	5.878811	0.007181	3.3
163	-0.185108	45.127814	5.891863	0.006793	5.0
164	-0.181796	44.435021	5.954243	0.010064	3.4
165	-0.159021	45.435018	5.864618	0.011739	3.3
166	-0.189289	44.742187	5.926423	0.010410	3.4
167	-0.159689	44.049353	5.989545	0.006782	3.8
168	-0.165938	43.380344	6.051785	0.004439	3.9
169	-0.199549	43.647509	6.026775	0.009334	3.6
170	-0.188919	44.640806	5.935576	0.015161	3.4
171	-0.191701	45.640806	5.846508	0.017359	3.5
172	-0.191000	46.640806	5.760074	0.008035	3.4
173	-0.167198	47.640806	5.676157	0.009104	3.8
174	-0.172586	48.640801	5.594652	0.011053	3.4
175	-0.187378	49.640801	5.515453	0.010775	3.3
176	-0.175506	50.640801	5.438465	0.013211	3.4
177	-0.201796	51.640801	5.363598	0.020160	3.6
178	-0.186882	50.947966	5.415247	0.008531	3.3
179	-0.168439	50.255132	5.467901	0.011156	3.7
180	-0.176414	51.255131	5.392226	0.011639	3.4
181	-0.182333	50.563725	5.444323	0.024012	3.3
182	-0.173114	49.870891	5.497547	0.007124	3.4
183	-0.195676	50.870891	5.421055	0.009390	3.3
184	-0.197493	51.866744	5.346966	0.005525	3.5
185	-0.160281	52.866696	5.274583	0.005094	3.4
186	-0.160791	53.739563	5.212982	0.011947	3.3
187	-0.165409	54.729934	5.144809	0.008586	3.4
188	-0.190998	54.184792	5.182112	0.007995	3.3
189	-0.176018	53.570667	5.224789	0.009926	3.4
190	-0.175283	54.570666	5.155651	0.006408	3.3
191	-0.173095	53.877848	5.203355	0.008613	3.4
192	-0.184332	53.186034	5.251878	0.014169	3.6
193	-0.158443	54.186034	5.182026	0.014505	3.3
194	-0.165376	53.493200	5.230223	0.015254	3.2
195	-0.177620	54.493200	5.160942	0.004718	3.4
196	-0.199866	54.694966	5.147185	0.006501	3.7
197	-0.180847	55.234477	5.110759	0.019277	3.3
198	-0.179670	56.234477	5.044587	0.010524	3.4
199	-0.177839	57.234477	4.980106	0.013358	3.5
200	-0.194145	58.234477	4.917254	0.005118	3.3
201	-0.180060	57.541644	4.960630	0.013365	3.3
202	-0.168919	58.540960	4.898307	0.022648	3.3
203	-0.159175	57.848125	4.941348	0.006070	3.2
204	-0.196415	58.848125	4.879464	0.016021	4.0
205	-0.174452	58.155293	4.922173	0.017312	6.9
206	-0.147499	57.462459	4.965636	0.007586	3.3
207	-0.174256	58.462459	4.903146	0.005353	4.6
208	-0.179252	57.813558	4.943515	0.019894	3.3
209	-0.160026	58.812494	4.881642	0.011870	3.4
210	-0.173965	59.812494	4.821235	0.003562	3.4
211	-0.157970	59.468300	4.841857	0.011947	3.6
212	-0.171882	60.410507	4.785820	0.010123	3.5
213	-0.191864	61.000570	4.751382	0.007903	3.3
214	-0.174805	62.000311	4.694151	0.008697	3.5
215	-0.175391	61.307523	4.733662	0.007332	3.9
216	-0.185090	62.281369	4.678309	0.018504	4.2
217	-0.187429	63.281369	4.622801	0.011794	4.6
218	-0.182851	64.281369	4.568595	0.008631	3.4
219	-0.172762	63.589786	4.605946	0.003128	3.5
220	-0.158687	64.570223	4.553173	0.011006	3.5
221	-0.187899	65.412342	4.508801	0.018590	3.3
222	-0.171659	64.719508	4.545243	0.011202	4.8
223	-0.150703	64.026673	4.582280	0.004555	3.2
224	-0.181823	65.021554	4.529284	0.009388	3.6
225	-0.190577	64.334220	4.565765	0.007780	3.7
226	-0.181285	63.641454	4.603135	0.010937	3.6
227	-0.186978	62.948620	4.641125	0.009189	3.3
228	-0.187290	62.255786	4.679747	0.010158	3.5
229	-0.185170	63.086034	4.633540	0.011503	3.5
230	-0.190480	62.393199	4.672036	0.006366	3.6
231	-0.149991	63.226699	4.625802	0.007069	3.7
232	-0.200623	62.541795	4.663726	0.010548	3.7
233	-0.192651	61.849772	4.702681	0.013018	3.3
234	-0.188120	62.849772	4.646596	0.022738	6.5
235	-0.191624	62.156938	4.685310	0.013375	3.6
236	-0.171790	63.156938	4.629636	0.011254	5.4
237	-0.174447	64.138236	4.576275	0.009908	3.3
238	-0.220154	65.130692	4.523544	0.014375	3.3
239	-0.190750	66.130692	4.471628	0.011917	3.4
240	-0.179804	65.437857	4.507470	0.017254	3.5
241	-0.170894	64.745023	4.543891	0.002609	3.5
242	-0.160163	64.057870	4.580599	0.005027	3.3
243	-0.194463	63.761565	4.596612	0.011609	3.7
244	-0.159874	64.730987	4.544635	0.018604	3.6
245	-0.188058	65.730987	4.492235	0.009975	3.4
246	-0.188618	66.730987	4.441031	0.006275	3.4
247	-0.179903	67.730984	4.390980	0.010448	3.4
248	-0.174693	68.730816	4.342054	0.004132	3.6
249	-0.187913	68.038204	4.375830	0.011524	3.4
250	-0.198269	69.032363	4.327511	0.007117	3.3
251	-0.183199	68.339585	4.361068	0.003406	3.4
252	-0.168171	67.702211	4.392405	0.004841	3.4
253	-0.175616	68.476343	4.354403	0.009437	3.3
254	-0.181880	69.470956	4.306531	0.008821	3.5
255	-0.179578	70.470956	4.259451	0.012160	3.4
256	-0.178055	71.395560	4.216826	0.004197	3.7
257	-0.173568	71.761650	4.200184	0.020674	3.3
258	-0.167818	72.761275	4.155404	0.006536	3.3
259	-0.169190	72.068441	4.186339	0.011957	3.3
260	-0.165204	73.068441	4.141836	0.004193	4.2
261	-0.177221	74.060613	4.098606	0.007091	5.1
262	-0.182212	75.056827	4.056099	0.011658	4.6
263	-0.154305	76.056827	4.014308	0.006339	4.5
264	-0.186679	75.363993	4.043170	0.005103	5.5
265	-0.173551	76.238979	4.006788	0.010562	4.4
266	-0.194583	77.238972	3.966003	0.008346	4.1
267	-0.202146	78.238972	3.926038	0.015973	5.2
268	-0.172659	77.546138	3.953641	0.018964	4.4
269	-0.185367	76.853303	3.981634	0.022620	7.1
270	-0.186401	77.853303	3.941356	0.007352	4.5
271	-0.183587	78.849827	3.902020	0.010585	4.7
272	-0.172821	79.844596	3.863529	0.017223	4.3
273	-0.175647	80.844596	3.825593	0.009365	4.6
274	-0.163258	81.844596	3.788396	0.010225	4.8
275	-0.209331	81.154069	3.814004	0.013460	4.2
276	-0.189179	82.152776	3.777077	0.002604	4.2
277	-0.168897	81.463272	3.802494	0.005796	7.4
278	-0.171398	81.079178	3.816802	0.016185	4.2
279	-0.177521	82.078235	3.779809	0.005235	4.5
280	-0.192829	81.388449	3.805273	0.006051	4.2
281	-0.169772	81.359577	3.806347	0.006291	4.4
282	-0.181211	82.356587	3.769629	0.005345	4.8
283	-0.198488	81.667611	3.794926	0.019259	5.2
284	-0.164936	80.974923	3.820704	0.005556	4.2
285	-0.195439	81.974923	3.783601	0.017829	4.6
286	-0.174048	81.282089	3.809230	0.016685	4.2
287	-0.175094	80.589255	3.835209	0.003253	4.3
288	-0.163113	80.442146	3.840771	0.011023	4.9
289	-0.191711	79.973256	3.858606	0.010994	7.2
290	-0.172351	80.277539	3.847013	0.004381	4.5
291	-0.178231	79.795830	3.865398	0.004214	6.2
292	-0.169373	80.651416	3.832864	0.008504	4.7
293	-0.157874	81.626853	3.796433	0.014091	5.3
294	-0.197153	82.626853	3.759798	0.006057	5.0
295	-0.195947	83.626824	3.723864	0.006202	3.5
296	-0.181678	84.564148	3.690799	0.010787	3.6
297	-0.161851	83.871381	3.715180	0.012687	4.4
298	-0.158910	83.178547	3.739887	0.007430	3.5
299	-0.167473	84.178153	3.704344	0.009115	3.4
300	-0.177208	83.486613	3.728861	0.009730	3.5
301	-0.196141	82.793780	3.753751	0.007665	3.3
302	-0.180074	82.101498	3.778956	0.010680	3.2
303	-0.176596	81.420162	3.804095	0.008864	3.4
304	-0.165562	81.295352	3.808736	0.005972	3.3
305	-0.190577	82.288674	3.772108	0.007949	3.5
306	-0.165172	81.597306	3.797527	0.009550	3.3
307	-0.202964	82.597301	3.760870	0.006347	3.4
308	-0.200060	81.907154	3.786093	0.012248	3.7
309	-0.165019	82.907140	3.749656	0.005287	3.2
310	-0.196620	83.907138	3.713913	0.005061	3.4
311	-0.177105	84.749360	3.684335	0.004091	3.9
312	-0.168741	84.129783	3.706048	0.002014	3.4
313	-0.178078	83.908756	3.713856	0.004579	3.7
314	-0.198793	84.226014	3.702659	0.005952	3.5
315	-0.171639	84.942953	3.677602	0.020028	3.8
316	-0.200557	84.251051	3.701778	0.004692	3.4
317	-0.175921	85.238858	3.667359	0.016722	3.6
318	-0.196538	84.546048	3.691432	0.005545	3.4
319	-0.177435	85.506772	3.658134	0.020723	3.3
320	-0.164805	84.814881	3.682053	0.010448	3.3
321	-0.169038	84.122047	3.706321	0.016042	3.4
322	-0.180127	85.122047	3.671396	0.015863	3.4
323	-0.206888	86.122047	3.637123	0.016863	3.3
324	-0.191217	87.122047	3.603484	0.010051	3.3
325	-0.176274	88.122047	3.570461	0.010604	3.5
326	-0.177272	89.122047	3.538038	0.006315	3.5
327	-0.172326	89.214651	3.535066	0.007254	3.6
328	-0.179771	90.214577	3.503282	0.008029	3.3
329	-0.165622	89.521747	3.525243	0.005124	3.6
330	-0.154046	90.509744	3.494009	0.008501	3.4
331	-0.182356	91.487043	3.463652	0.008952	3.5
332	-0.155151	90.794223	3.485118	0.009720	3.3
333	-0.200886	91.794223	3.454220	0.002602	3.3
334	-0.154229	91.158248	3.473806	0.005634	3.4
335	-0.172272	91.468762	3.464215	0.007946	3.3
336	-0.175737	92.448448	3.434300	0.008392	3.5
337	-0.173854	91.958597	3.449193	0.012248	3.6
338	-0.174794	92.958597	3.418926	0.007642	3.3
339	-0.187272	93.958597	3.389186	0.009202	3.4
340	-0.180880	94.903264	3.361562	0.007379	3.3
341	-0.170033	94.212271	3.381723	0.010038	3.4
342	-0.173376	94.534264	3.372298	0.007679	3.4
343	-0.197735	93.841485	3.392642	0.009929	3.7
344	-0.186982	94.376205	3.376918	0.012057	3.4
345	-0.179172	93.683376	3.397319	0.004686	3.3
346	-0.169593	94.683363	3.367952	0.006519	3.5
347	-0.185006	94.166956	3.383054	0.008231	3.4
348	-0.162129	95.163490	3.354032	0.011934	3.4
349	-0.196711	94.470656	3.374156	0.009631	3.3
350	-0.191060	95.059071	3.357049	0.009872	3.7
351	-0.175078	94.366238	3.377210	0.009737	3.3
352	-0.181343	95.366238	3.348188	0.006388	3.8
353	-0.189318	96.366187	3.319662	0.007746	3.8
354	-0.185009	95.673363	3.339374	0.004650	3.4
355	-0.168528	96.600205	3.313056	0.018736	3.3
356	-0.176052	95.907379	3.332690	0.009800	3.4
357	-0.185146	96.907379	3.304424	0.009566	3.4
358	-0.186113	97.907368	3.276635	0.002476	3.4
359	-0.165852	97.856519	3.278037	0.012781	3.3
360	-0.188319	97.393309	3.290862	0.025756	3.7
361	-0.207112	96.700475	3.310233	0.001955	3.7
362	-0.169132	97.696278	3.282462	0.016910	3.3
363	-0.173395	97.010041	3.301550	0.005624	3.3
364	-0.172613	96.317213	3.321047	0.003513	3.3
365	-0.192910	97.222232	3.295624	0.013480	3.6
366	-0.169706	96.529447	3.315050	0.016158	3.5
367	-0.167252	95.836613	3.334708	0.006525	4.0
368	-0.183139	95.143779	3.354601	0.009225	3.3
369	-0.181954	96.143734	3.325965	0.007284	3.3
370	-0.184046	95.450952	3.345752	0.012331	3.6
371	-0.190906	96.450952	3.317266	0.006960	3.3
372	-0.145117	97.450751	3.289266	0.010711	3.3
373	-0.172272	98.450363	3.261740	0.007931	4.1
374	-0.191635	97.757529	3.280769	0.004244	3.3
375	-0.180288	98.582602	3.258133	0.004478	3.4
376	-0.174119	97.971452	3.274870	0.007009	3.3
377	-0.183372	98.949121	3.248177	0.005922	3.4
378	-0.163026	99.944721	3.221439	0.017599	4.6
379	-0.167626	99.251887	3.239999	0.007989	3.3
380	-0.167537	100.251887	3.213278	0.003553	3.4
381	-0.164236	100.168430	3.215491	0.009805	3.5
382	-0.175152	101.096347	3.191054	0.009298	3.2
383	-0.199783	100.403513	3.209265	0.011637	3.4
384	-0.186479	99.710679	3.227685	0.008847	4.0
385	-0.176667	100.710679	3.201165	0.004699	3.4
386	-0.205619	100.022214	3.219376	0.008755	3.3
387	-0.176334	99.438497	3.234979	0.007112	3.4
388	-0.179296	98.749182	3.253601	0.011361	3.4
389	-0.184884	99.651499	3.229268	0.004546	3.3
390	-0.177751	100.077292	3.217912	0.006723	3.3
391	-0.182524	101.039465	3.192541	0.006638	3.4
392	-0.172178	100.867653	3.197042	0.006919	3.3
393	-0.174287	100.176034	3.215289	0.006522	4.0
394	-0.193292	100.699017	3.201472	0.011250	3.5
395	-0.158770	100.054009	3.218530	0.007372	3.6
396	-0.172751	99.370670	3.236802	0.007167	3.6
397	-0.167765	98.681530	3.255440	0.008821	3.4
398	-0.195816	99.681330	3.228470	0.008512	3.3
399	-0.169789	98.992403	3.247006	0.003018	3.6
400	-0.179961	98.518079	3.259892	0.008521	3.3
401	-0.166302	98.292318	3.266061	0.011843	3.3
402	-0.190116	98.549373	3.259039	0.016624	3.4
403	-0.177385	99.549373	3.232004	0.014830	3.9
404	-0.178501	100.549373	3.205414	0.016401	3.3
405	-0.166108	101.549373	3.179258	0.009948	3.5
406	-0.211609	100.856539	3.197334	0.013509	3.4
407	-0.199998	100.163704	3.215617	0.005163	3.4
408	-0.183659	101.163700	3.189295	0.006926	3.6
409	-0.172374	101.342860	3.184624	0.005359	3.3
410	-0.196893	102.224012	3.161851	0.006120	3.3
411	-0.163556	103.220378	3.136490	0.008414	3.5
412	-0.190266	102.534147	3.153914	0.003700	3.5
413	-0.199399	102.228845	3.161727	0.005522	3.4
414	-0.187706	103.141901	3.138473	0.005681	3.5
415	-0.190780	102.817135	3.146705	0.015605	3.5
416	-0.173675	103.817135	3.121495	0.013032	3.5
417	-0.189613	104.817135	3.096685	0.012831	3.3
418	-0.185106	105.817135	3.072266	0.009259	3.5
419	-0.192256	105.124301	3.089143	0.005848	3.5
420	-0.182313	104.431470	3.106206	0.008630	3.9
421	-0.170166	105.431365	3.081641	0.010349	4.8
422	-0.173771	106.431365	3.057458	0.003859	4.2
423	-0.191721	107.431101	3.033658	0.007556	3.4
424	-0.157684	107.258339	3.037744	0.011825	5.6
425	-0.189560	108.258335	3.014243	0.006876	3.3
426	-0.158147	109.258333	2.991102	0.005598	3.3
427	-0.183789	110.143330	2.970918	0.007107	3.2
428	-0.169808	111.101826	2.949361	0.010087	4.1
429	-0.186740	112.099543	2.927253	0.005551	3.9
430	-0.199794	113.098823	2.905439	0.004577	3.6
431	-0.168615	114.033724	2.885324	0.013586	3.3
432	-0.194664	113.345020	2.900115	0.014229	4.5
433	-0.166772	114.345020	2.878687	0.015583	4.9
434	-0.184293	115.345020	2.857574	0.011437	4.6
435	-0.176487	116.345020	2.836768	0.010654	4.8
436	-0.189137	115.652186	2.851151	0.003095	3.4
437	-0.174412	116.608416	2.831339	0.003008	3.3
438	-0.178115	116.933362	2.824668	0.012312	3.3
439	-0.190289	116.241524	2.838908	0.004208	3.5
440	-0.172414	115.548719	2.853311	0.007590	3.3
441	-0.171147	114.863923	2.867693	0.005949	3.4
442	-0.172967	114.173858	2.882333	0.008140	3.4
443	-0.176411	113.482248	2.897156	0.008528	3.5
444	-0.172189	112.789419	2.912159	0.010299	3.6
445	-0.176784	112.110411	2.927014	0.006125	3.4
446	-0.174084	111.418123	2.942316	0.006843	3.3
447	-0.186857	111.361429	2.943577	0.007142	3.3
448	-0.186798	110.669201	2.959052	0.012861	3.6
449	-0.182474	109.976655	2.974698	0.011333	3.5
450	-0.174195	109.283872	2.990516	0.008714	3.3
451	-0.179958	108.591038	3.006504	0.005501	3.4
452	-0.177765	109.527450	2.984935	0.004455	3.6
453	-0.165246	109.716759	2.980613	0.005522	3.5
454	-0.174919	109.116205	2.994370	0.007494	3.8
455	-0.184027	110.009587	2.973950	0.007433	3.4
456	-0.168669	110.033246	2.973413	0.005816	3.5
457	-0.183347	110.609968	2.960384	0.007110	3.3
458	-0.184659	111.269944	2.945613	0.006442	3.5
459	-0.176828	112.025906	2.928873	0.006526	3.8
460	-0.164752	113.025644	2.907026	0.014006	3.3
461	-0.189236	112.349685	2.921762	0.002113	3.4
462	-0.201866	111.868698	2.932339	0.006598	3.3
463	-0.181305	111.983136	2.929815	0.014005	3.4
464	-0.180184	111.290301	2.945159	0.009726	3.6
465	-0.174013	112.290298	2.923064	0.007535	3.6
466	-0.176122	113.289893	2.901306	0.002567	3.7
467	-0.205616	112.755287	2.912902	0.007307	11.1
468	-0.184528	113.522052	2.896298	0.017593	3.4
469	-0.166520	112.934664	2.909001	0.012679	4.5
470	-0.175261	112.241830	2.924127	0.012805	3.4
471	-0.177710	113.241767	2.902346	0.011320	3.3
472	-0.164258	114.241767	2.880885	0.005710	3.3
473	-0.176985	113.549078	2.895717	0.007263	3.6
474	-0.172413	114.548531	2.874365	0.007495	4.2
475	-0.177952	113.855705	2.889133	0.004024	3.6
476	-0.178161	113.642332	2.893711	0.026844	3.3
477	-0.172793	114.642320	2.872378	0.007918	3.2
478	-0.179175	113.949486	2.887125	0.007379	3.4
479	-0.163444	114.949235	2.865893	0.005240	3.6
480	-0.161058	115.927653	2.845415	0.002096	3.4
481	-0.170059	116.412134	2.835383	0.005734	3.5
482	-0.172631	115.965756	2.844624	0.008253	3.6
483	-0.170052	116.965036	2.824020	0.012434	3.3
484	-0.187879	116.272202	2.838273	0.016197	3.5
485	-0.171910	117.272202	2.817747	0.007795	3.5
486	-0.175614	117.112338	2.821008	0.005523	3.5
487	-0.186147	116.419714	2.835227	0.005468	3.6
488	-0.172636	117.410182	2.814938	0.008057	3.3
489	-0.187961	116.721524	2.829013	0.004323	3.5
490	-0.190065	117.715599	2.808740	0.007327	3.4
491	-0.175622	117.098754	2.821286	0.003868	3.7
492	-0.193058	118.094250	2.801094	0.011150	3.4
493	-0.172833	119.094018	2.781104	0.009204	3.4
494	-0.176856	120.094018	2.761393	0.009889	3.3
495	-0.187577	119.593497	2.771224	0.008026	3.4
496	-0.168258	120.593146	2.751659	0.010810	3.4
497	-0.181855	119.900327	2.765189	0.008217	3.3
498	-0.192483	119.214368	2.778717	0.017621	3.8
499	-0.176713	118.521789	2.792510	0.011983	3.3
500	-0.168422	117.830211	2.806421	0.008289	3.3
501	-0.188759	118.830211	2.786351	0.007291	3.4
502	-0.172314	119.825353	2.766661	0.004006	3.3
503	-0.186059	120.793759	2.747766	0.010921	3.7
504	-0.193489	121.786672	2.728658	0.004130	3.5
505	-0.180844	122.786207	2.709690	0.008175	3.3
506	-0.184529	122.096013	2.722759	0.018478	3.5
507	-0.170491	121.403630	2.735998	0.005305	3.4
508	-0.190704	122.403007	2.716931	0.005573	3.3
509	-0.175106	123.336808	2.699353	0.007765	3.3
510	-0.161534	122.649273	2.712273	0.014702	3.3
511	-0.184257	121.956439	2.725418	0.009847	4.2
512	-0.181838	122.956439	2.706486	0.004730	3.6
513	-0.190846	123.956116	2.687820	0.012087	3.7
514	-0.175628	124.955124	2.669423	0.006323	3.8
515	-0.173847	125.822117	2.653660	0.017443	3.6
516	-0.174598	125.367779	2.661897	0.005026	3.4
517	-0.182159	124.674945	2.674558	0.006333	3.3
518	-0.178493	124.534145	2.677145	0.008979	3.3
519	-0.196307	123.919878	2.688493	0.002044	3.6
520	-0.182232	124.405629	2.679511	0.005440	3.4
521	-0.160663	124.418295	2.679278	0.005609	3.5
522	-0.154292	125.404191	2.661235	0.005990	3.5
523	-0.171822	124.713368	2.673852	0.016009	3.3
524	-0.172990	125.713368	2.655627	0.014292	3.8
525	-0.178757	126.713368	2.637649	0.029145	3.4
526	-0.197615	127.713368	2.619913	0.017029	3.3
527	-0.191503	128.713368	2.602413	0.014858	3.3
528	-0.183863	129.713368	2.585146	0.011553	3.4
529	-0.179335	129.020559	2.597084	0.011795	3.4
530	-0.176173	130.020559	2.579887	0.023208	3.3
531	-0.174631	131.020559	2.562917	0.003265	3.2
532	-0.178706	132.018622	2.546200	0.002363	3.5
533	-0.200301	132.093546	2.544954	0.008769	3.4
534	-0.168081	131.796528	2.549901	0.005343	4.8
535	-0.163502	131.818067	2.549542	0.008373	4.4
536	-0.179726	132.789463	2.533438	0.004305	3.3
537	-0.197152	132.101097	2.544828	0.009146	3.5
538	-0.174721	131.408927	2.556386	0.007655	3.5
539	-0.179000	130.716989	2.568045	0.013504	3.4
540	-0.173664	131.716989	2.551229	0.004838	3.5
541	-0.181974	131.048400	2.562447	0.007629	3.4
542	-0.140206	131.444097	2.555796	0.008710	3.4
543	-0.204577	132.443942	2.539142	0.020814	3.4
544	-0.171169	131.751108	2.550659	0.010628	3.7
545	-0.199017	132.751108	2.534070	0.015541	3.5
546	-0.180250	132.058274	2.545540	0.018113	3.4
547	-0.201092	131.365440	2.557115	0.010357	3.5
548	-0.184410	132.365440	2.540442	0.010539	3.6
549	-0.181224	133.365440	2.523985	0.010119	3.8
550	-0.177273	134.357014	2.507875	0.007718	3.4
551	-0.187784	133.664180	2.519110	0.018691	3.4
552	-0.198897	134.048505	2.512865	0.004160	3.6
553	-0.158770	135.047881	2.496772	0.012135	3.4
554	-0.172058	136.007597	2.481511	0.012426	3.7
555	-0.155341	135.314763	2.492509	0.006805	3.3
556	-0.185182	134.621929	2.503606	0.013621	3.4
557	-0.174423	135.621929	2.487621	0.011093	3.3
558	-0.199164	136.621929	2.471839	0.008746	3.3
559	-0.196589	135.929095	2.482752	0.007418	5.1
560	-0.187383	135.783958	2.485050	0.008982	3.3
561	-0.181883	135.091168	2.496080	0.009753	3.5
562	-0.171015	134.400384	2.507175	0.011126	3.3
563	-0.181026	135.400384	2.491145	0.018323	4.7
564	-0.181567	134.707551	2.502229	0.004212	3.3
565	-0.180451	135.117364	2.495661	0.008483	3.4
566	-0.202654	134.572072	2.504408	0.008789	3.3
567	-0.174968	133.879238	2.515612	0.007108	3.5
568	-0.178259	133.186777	2.526909	0.010011	3.5
569	-0.172167	134.019287	2.513339	0.004572	3.5
570	-0.185300	135.015465	2.497291	0.010240	3.4
571	-0.178736	136.001961	2.481600	0.006938	3.6
572	-0.195101	136.933944	2.466956	0.010831	3.6
573	-0.166352	137.933943	2.451434	0.011156	3.5
574	-0.171549	137.241151	2.462166	0.003840	3.3
575	-0.178999	138.240902	2.446708	0.010998	3.3
576	-0.181446	137.557062	2.457261	0.003418	3.4
577	-0.183510	137.707560	2.454930	0.006953	3.8
578	-0.180415	137.373839	2.460103	0.010859	3.3
579	-0.171537	138.373839	2.444667	0.008638	3.3
580	-0.185259	139.373839	2.429424	0.008452	3.7
581	-0.170941	140.373837	2.414369	0.011659	3.6
582	-0.176223	139.681003	2.424780	0.006884	3.8
583	-0.173814	138.988171	2.435280	0.008898	3.8
584	-0.180479	139.906956	2.421375	0.011442	3.4
585	-0.183552	140.903967	2.406464	0.008941	3.4
586	-0.190412	140.211133	2.416806	0.013198	3.3
587	-0.188342	141.202231	2.402039	0.008193	3.5
588	-0.189324	140.509797	2.412337	0.005088	3.8
589	-0.161303	139.824363	2.422618	0.009109	3.3
590	-0.160584	140.824075	2.407652	0.004438	3.2
591	-0.176066	141.820652	2.392915	0.006591	3.3
592	-0.167163	141.129988	2.403109	0.006882	3.2
593	-0.192193	142.113737	2.388616	0.018235	3.3
594	-0.185404	142.302180	2.385859	0.014204	3.4
595	-0.178596	143.302180	2.371338	0.006766	3.9
596	-0.196749	142.610209	2.381367	0.007921	3.4
597	-0.163409	143.610189	2.366901	0.005670	3.3
598	-0.168113	144.505393	2.354099	0.013653	3.5
599	-0.193346	145.505392	2.339960	0.012583	3.6
600	-0.168702	144.812558	2.349738	0.004647	3.6
601	-0.196429	145.812438	2.335653	0.003884	3.3
602	-0.167020	145.713048	2.337046	0.013730	4.5
603	-0.193526	145.021252	2.346784	0.009944	4.2
604	-0.171537	144.328418	2.356619	0.009625	4.4
605	-0.177004	145.328391	2.342450	0.016823	4.7
606	-0.175321	146.328391	2.328451	0.006800	5.3
607	-0.190534	145.635556	2.338133	0.004942	3.4
608	-0.166915	145.541561	2.339452	0.006426	3.3
609	-0.201373	146.368954	2.327887	0.008775	3.4
610	-0.198117	147.368740	2.314064	0.022094	3.3
611	-0.169592	148.368740	2.300401	0.013386	3.3
612	-0.201851	149.368740	2.286899	0.012427	3.4
613	-0.192364	150.368740	2.273554	0.006331	3.4
614	-0.184411	149.746055	2.281845	0.005859	3.3
615	-0.221375	150.733158	2.268729	0.010041	4.7
616	-0.165182	150.041062	2.277909	0.008364	4.4
617	-0.180706	151.041062	2.264669	0.003859	5.2
618	-0.168825	152.035450	2.251654	0.005547	5.9
619	-0.194043	151.496497	2.258689	0.002182	4.2
620	-0.185667	152.150126	2.250163	0.006756	3.8
621	-0.186146	151.528677	2.258268	0.016134	3.5
622	-0.203059	150.835843	2.267373	0.010104	3.3
623	-0.195844	150.143009	2.276552	0.015233	3.4
624	-0.194965	151.142980	2.263328	0.006633	3.4
625	-0.174281	150.450146	2.272474	0.011122	3.4
626	-0.198359	151.450143	2.259297	0.012112	4.5
627	-0.176354	152.450143	2.246271	0.004827	5.0
628	-0.198576	151.760013	2.255244	0.011983	4.6
629	-0.194206	152.744271	2.242468	0.005055	5.1
630	-0.180051	152.184794	2.249713	0.011937	4.6
631	-0.183953	153.184769	2.236797	0.005928	3.6
632	-0.186364	152.491936	2.245730	0.022971	3.7
633	-0.176462	151.799102	2.254734	0.006508	3.5
634	-0.161786	152.799102	2.241761	0.010858	3.3
635	-0.187694	152.106285	2.250733	0.003792	3.4
636	-0.190460	153.018756	2.238931	0.016769	3.4
637	-0.184832	154.018282	2.226145	0.004722	3.5
638	-0.188075	155.011365	2.213584	0.012061	4.5
639	-0.177245	154.318568	2.222332	0.004211	4.6
640	-0.166887	155.304644	2.209902	0.014632	4.7
641	-0.171011	156.265182	2.197927	0.007072	3.4
642	-0.184543	157.264598	2.185605	0.010943	3.4
643	-0.185467	156.571819	2.194132	0.005656	3.3
644	-0.179304	156.912686	2.189928	0.009554	3.5
645	-0.186189	157.893884	2.177917	0.015831	4.1
646	-0.182299	158.893884	2.165810	0.011034	3.6
647	-0.172029	159.893884	2.153837	0.021979	3.3
648	-0.187676	159.201050	2.162118	0.010291	3.3
649	-0.161563	160.201047	2.150186	0.005491	3.4
650	-0.186404	159.508230	2.158439	0.009393	3.5
651	-0.162912	160.507377	2.146557	0.004208	3.6
652	-0.178307	161.507042	2.134800	0.010418	3.7
653	-0.184310	160.814239	2.142935	0.011736	3.7
654	-0.173524	161.812992	2.131227	0.010598	3.4
655	-0.182434	162.688770	2.121066	0.008821	3.4
656	-0.167275	162.301679	2.125545	0.003663	3.9
657	-0.186030	163.136002	2.115914	0.004907	3.5
658	-0.187201	162.493253	2.123326	0.005205	3.4
659	-0.182418	163.344819	2.113518	0.014081	3.4
660	-0.201811	162.739739	2.120478	0.009015	3.9
661	-0.197160	163.739739	2.109000	0.012475	3.3
662	-0.155114	164.739739	2.097645	0.009913	3.3
663	-0.179890	164.046905	2.105499	0.015293	3.4
664	-0.160763	163.354071	2.113412	0.006840	3.4
665	-0.198669	162.663628	2.121356	0.014233	3.3
666	-0.190398	162.014341	2.128882	0.004044	3.5
667	-0.167570	163.013788	2.117320	0.004823	3.4
668	-0.166528	163.587051	2.110744	0.018736	3.6
669	-0.180080	164.152787	2.104295	0.011790	3.4
670	-0.192766	163.459952	2.112198	0.006970	3.5
671	-0.193250	162.790589	2.119891	0.007975	3.4
672	-0.177566	163.724936	2.109169	0.014136	3.5
673	-0.159260	164.687117	2.098239	0.014074	3.3
674	-0.172440	163.994282	2.106098	0.004515	3.4
675	-0.205440	163.301449	2.114015	0.008489	3.4
676	-0.187726	162.615640	2.121911	0.017631	3.5
677	-0.164099	163.548480	2.111185	0.013953	3.5
678	-0.185707	162.855646	2.119141	0.010708	3.4
679	-0.177702	162.162826	2.127157	0.004351	3.3
680	-0.160892	161.470022	2.135233	0.007187	3.8
681	-0.170668	161.950552	2.129625	0.017262	3.4
682	-0.179145	162.950552	2.118048	0.003335	3.4
683	-0.186714	162.258828	2.126042	0.013081	3.4
684	-0.188717	163.175643	2.115459	0.007987	3.4
685	-0.174417	162.482834	2.123447	0.006347	3.5
686	-0.158322	163.364354	2.113294	0.014374	8.6
687	-0.183385	164.364354	2.101893	0.014574	3.8
688	-0.154883	165.364210	2.090616	0.011048	3.2
689	-0.177707	164.671376	2.098417	0.005503	4.0
690	-0.182294	165.670596	2.087185	0.011327	3.5
691	-0.191613	164.977772	2.094960	0.016690	4.7
692	-0.158663	165.977772	2.083756	0.014755	5.7
693	-0.192603	166.977772	2.072671	0.007834	4.3
694	-0.191505	166.284938	2.080338	0.012899	5.1
695	-0.167013	167.282941	2.069311	0.011219	4.2
696	-0.177295	166.590107	2.076954	0.015069	4.3
697	-0.182476	165.897273	2.084653	0.009768	3.3
698	-0.203844	166.897273	2.073559	0.006978	3.3
699	-0.178812	166.204439	2.081233	0.012690	3.4
700	-0.171055	167.203370	2.070186	0.010325	3.4
701	-0.182683	168.203370	2.059245	0.009010	3.5
702	-0.173657	169.203370	2.048418	0.017262	3.7
703	-0.190102	168.510536	2.055907	0.003355	3.4
704	-0.170217	167.817715	2.063451	0.007626	3.9
705	-0.179596	168.745834	2.053357	0.005957	3.9
706	-0.188887	169.641267	2.043713	0.003521	3.8
707	-0.192217	169.261372	2.047794	0.005502	4.1
708	-0.154111	168.637994	2.054525	0.006502	3.8
709	-0.178744	169.529922	2.044907	0.008204	3.5
710	-0.177102	168.837184	2.052369	0.006716	3.3
711	-0.185526	169.818409	2.041816	0.006546	3.4
712	-0.198430	169.126532	2.049246	0.010466	3.3
713	-0.168704	170.126526	2.038524	0.006668	3.6
714	-0.169948	171.123523	2.027945	0.008876	3.3
715	-0.176248	170.430779	2.035284	0.010198	3.3
716	-0.166610	171.430777	2.024707	0.009594	3.4
717	-0.155474	171.228412	2.026839	0.007251	3.6
718	-0.174896	172.221672	2.016420	0.011206	3.8
719	-0.160286	172.559021	2.012905	0.008083	5.1
720	-0.171969	173.559021	2.002560	0.004937	3.5
721	-0.198887	174.450332	1.993427	0.011309	3.6
722	-0.173069	175.277012	1.985031	0.007338	3.4
723	-0.183184	176.213386	1.975606	0.010789	3.6
724	-0.159137	177.212781	1.965645	0.005884	3.3
725	-0.207936	178.212559	1.955780	0.008291	3.7
726	-0.173611	178.199289	1.955911	0.017236	3.6
727	-0.166941	177.506458	1.962737	0.011027	3.3
728	-0.166259	176.813624	1.969612	0.013850	3.4
729	-0.193191	177.813624	1.959705	0.007143	3.5
730	-0.186671	177.122668	1.966539	0.017499	3.4
731	-0.157993	178.122667	1.956663	0.008313	3.4
732	-0.184417	177.429833	1.963495	0.010767	3.7
733	-0.176434	178.429815	1.953650	0.009724	3.3
734	-0.182121	177.739546	1.960435	0.016572	4.0
735	-0.186345	178.739546	1.950620	0.010914	3.3
736	-0.210116	178.046712	1.957410	0.005773	3.6
737	-0.199558	177.354143	1.964244	0.008201	3.8
738	-0.174987	178.225513	1.955653	0.005630	3.8
739	-0.180479	178.611565	1.951871	0.008291	3.4
740	-0.153430	179.610192	1.942155	0.008011	3.4
741	-0.173281	178.917360	1.948885	0.027644	3.5
742	-0.194143	179.353391	1.944644	0.008317	3.8
743	-0.183240	180.353391	1.934986	0.006588	4.7
744	-0.196283	179.665132	1.941623	0.005640	4.3
745	-0.180552	180.484640	1.933726	0.016136	3.3
746	-0.187407	179.793681	1.940380	0.007567	3.3
747	-0.184180	179.100872	1.947098	0.006909	3.4
748	-0.169350	180.100858	1.937416	0.008521	3.5
749	-0.178554	180.878496	1.929953	0.010160	3.7
750	-0.190814	180.188663	1.936570	0.004991	3.5
751	-0.187447	179.567532	1.942568	0.009637	3.3
752	-0.173552	178.968882	1.948383	0.009364	3.6
753	-0.163334	178.276048	1.955157	0.005184	3.4
754	-0.173681	178.009075	1.957780	0.009267	3.5
755	-0.197233	177.317371	1.964609	0.002718	3.5
756	-0.177213	176.872111	1.969029	0.004567	3.7
757	-0.176387	176.314703	1.974592	0.003838	8.4
758	-0.184398	176.138994	1.976352	0.007309	7.2
759	-0.193502	176.024241	1.977503	0.010380	6.3
760	-0.183121	177.024240	1.967517	0.012373	10.4
761	-0.191315	177.994954	1.957919	0.005292	8.9
762	-0.184304	178.978318	1.948291	0.006119	35.8
763	-0.175117	178.327861	1.954649	0.016629	9.0
764	-0.195992	177.635028	1.961467	0.004892	3.6
765	-0.172180	176.964256	1.968113	0.009830	3.3
766	-0.182226	177.964142	1.958222	0.008604	3.4
767	-0.174050	177.271308	1.965065	0.019883	3.3
768	-0.169377	178.271308	1.955204	0.007902	3.4
769	-0.170208	179.271307	1.945441	0.010468	3.5
770	-0.186603	180.270965	1.935779	0.010366	3.6
771	-0.163828	181.270965	1.926208	0.008049	3.4
772	-0.178449	182.263656	1.916801	0.004741	3.3
773	-0.166971	181.614532	1.922942	0.007734	3.3
774	-0.177438	180.922255	1.929535	0.011313	3.4
775	-0.196212	181.871753	1.920504	0.007654	3.3
776	-0.168488	181.904357	1.920195	0.004147	3.4
777	-0.192395	182.751693	1.912210	0.008159	8.0
778	-0.177607	183.329313	1.906804	0.009518	3.7
779	-0.193554	184.329125	1.897519	0.008052	3.7
780	-0.196659	185.328908	1.888325	0.010019	3.6
781	-0.171441	186.328884	1.879217	0.008442	3.6
782	-0.174206	187.321341	1.870265	0.007820	3.6
783	-0.179046	186.628512	1.876505	0.008972	3.3
784	-0.172468	185.935678	1.882788	0.017470	3.4
785	-0.185324	185.242844	1.889113	0.010642	3.5
786	-0.185468	186.242844	1.879997	0.005759	3.6
787	-0.211656	185.555201	1.886256	0.004408	4.0
788	-0.184945	186.427989	1.878319	0.013994	3.4
789	-0.175570	187.063889	1.872579	0.013379	3.7
790	-0.180574	188.063889	1.863622	0.003910	3.4
791	-0.181396	189.063628	1.854752	0.015794	3.3
792	-0.194529	190.063133	1.845969	0.006483	3.3
793	-0.168891	191.062745	1.837268	0.001243	3.4
794	-0.165214	190.574487	1.841508	0.006550	3.4
795	-0.203578	190.947854	1.838264	0.010054	3.3
796	-0.175520	191.947853	1.829631	0.005097	3.4
797	-0.170772	191.255042	1.835603	0.012550	3.5
798	-0.172845	192.254941	1.826996	0.007148	3.4
799	-0.166938	193.254941	1.818469	0.017434	3.6
800	-0.186423	194.254469	1.810025	0.003563	3.9
801	-0.198746	193.564170	1.815848	0.012472	3.9
802	-0.177186	192.871647	1.821728	0.006487	3.6
803	-0.176474	192.178813	1.827649	0.004720	3.3
804	-0.189748	191.552185	1.833037	0.013622	3.5
805	-0.182151	190.859403	1.839031	0.009252	3.4
806	-0.185454	190.166570	1.845065	0.008690	3.4
807	-0.176014	190.102672	1.845623	0.009736	3.6
808	-0.186553	189.449034	1.851356	0.007336	6.9
809	-0.193604	188.756210	1.857471	0.012850	4.5
810	-0.171529	189.756210	1.848657	0.009736	5.0
811	-0.190737	189.063375	1.854755	0.008208	5.3
812	-0.167462	188.370545	1.860892	0.011907	3.7
813	-0.179144	187.822716	1.865774	0.002596	3.5
814	-0.172723	187.213116	1.871237	0.008620	3.5
815	-0.189635	188.200412	1.862406	0.003280	3.6
816	-0.186686	187.665843	1.867177	0.013258	3.5
817	-0.186910	187.106809	1.872193	0.016761	3.3
818	-0.198645	188.106809	1.863239	0.016536	3.3
819	-0.177222	189.106809	1.854371	0.001273	3.6
820	-0.194874	188.538408	1.859401	0.007884	3.5
821	-0.187037	189.130350	1.854163	0.008778	3.3
822	-0.198722	188.437616	1.860296	0.008394	3.5
823	-0.179035	187.744863	1.866470	0.004891	3.7
824	-0.167233	187.060634	1.872608	0.004574	3.3
825	-0.185109	187.956560	1.864579	0.011363	3.3
826	-0.174715	187.265549	1.870766	0.006422	3.3
827	-0.173426	186.572730	1.877010	0.012583	3.3
828	-0.189126	185.905880	1.883059	0.008946	3.3
829	-0.187013	186.905880	1.874002	0.009733	3.3
830	-0.201940	186.262309	1.879821	0.002713	3.3
831	-0.178618	185.618421	1.885679	0.005316	3.3
832	-0.180546	186.315978	1.879334	0.004245	3.2
833	-0.166857	187.098533	1.872267	0.009770	3.3
834	-0.190887	186.424523	1.878351	0.011196	3.3
835	-0.184748	187.424523	1.869339	0.013731	3.9
836	-0.173827	188.424523	1.860413	0.014895	3.5
837	-0.175551	187.731720	1.866587	0.012757	3.2
838	-0.185341	188.731720	1.857688	0.007247	3.4
839	-0.189499	189.671387	1.849402	0.007383	3.3
840	-0.187745	190.671362	1.840665	0.009830	5.4
841	-0.203070	191.671329	1.832010	0.005606	5.2
842	-0.191539	190.992879	1.837873	0.007954	4.4
843	-0.189931	191.950909	1.829605	0.020313	3.3
844	-0.173034	192.950909	1.821053	0.010502	3.4
845	-0.186426	192.258074	1.826970	0.013571	3.3
846	-0.186071	193.258074	1.818443	0.004439	3.6
847	-0.168968	193.580088	1.815714	0.011254	3.3
848	-0.171570	192.888708	1.821583	0.003832	3.5
849	-0.167127	193.549864	1.815970	0.013282	3.6
850	-0.175844	192.858219	1.821843	0.007476	3.6
851	-0.164071	193.737034	1.814387	0.003305	3.7
852	-0.175802	194.065347	1.811617	0.005886	3.7
853	-0.197443	193.491461	1.816464	0.009099	3.7
854	-0.170116	193.363826	1.817546	0.019824	3.6
855	-0.169972	193.666094	1.814986	0.011758	3.5
856	-0.188661	194.666094	1.806571	0.010076	3.5
857	-0.183126	194.083675	1.811463	0.004842	3.7
858	-0.184447	193.393991	1.817290	0.012585	3.3
859	-0.163967	194.392686	1.808864	0.006328	3.5
860	-0.185476	193.818365	1.813700	0.013548	3.4
861	-0.202361	193.133789	1.819498	0.002843	3.5
862	-0.182992	193.944216	1.812638	0.016066	3.3
863	-0.169546	194.885340	1.804736	0.009688	4.1
864	-0.193640	194.192506	1.810546	0.011355	3.4
865	-0.200006	193.499672	1.816394	0.005878	3.3
866	-0.183328	192.807429	1.822275	0.013043	3.3
867	-0.164498	193.788810	1.813949	0.012271	3.5
868	-0.174334	194.788810	1.805543	0.012776	3.3
869	-0.183417	194.095976	1.811359	0.014102	3.8
870	-0.207620	193.403142	1.817212	0.008082	3.8
871	-0.202793	194.403142	1.808776	0.009112	3.7
872	-0.214140	195.403043	1.800418	0.004138	3.3
873	-0.178813	195.388821	1.800537	0.006984	3.4
874	-0.152769	194.908258	1.804544	0.006387	3.3
875	-0.154662	194.218279	1.810330	0.007850	4.1
876	-0.161597	193.530319	1.816135	0.007770	3.5
877	-0.183552	193.007262	1.820574	0.011137	3.3
878	-0.190874	192.314594	1.826486	0.013813	3.2
879	-0.184565	191.621765	1.832437	0.007917	3.3
880	-0.165154	191.064846	1.837249	0.007723	3.6
881	-0.162944	190.381751	1.843187	0.019996	3.6
882	-0.167257	189.688917	1.849248	0.007496	3.8
883	-0.184235	188.996083	1.855349	0.015273	3.6
884	-0.188366	188.303249	1.861491	0.008883	3.4
885	-0.204478	189.303249	1.852639	0.013133	3.6
886	-0.187485	188.610414	1.858763	0.014891	3.5
887	-0.173555	189.610414	1.849937	0.007820	3.9
888	-0.181730	190.605866	1.841234	0.012127	3.4
889	-0.187929	191.177302	1.836276	0.008793	3.5
890	-0.211915	190.484468	1.842291	0.009466	3.5
891	-0.185495	190.688278	1.840518	0.007033	3.5
892	-0.198702	191.687434	1.831871	0.013119	3.3
893	-0.178937	190.994599	1.837858	0.008607	3.3
894	-0.192890	191.994598	1.829230	0.007701	3.3
895	-0.199464	192.355280	1.826137	0.006540	4.7
896	-0.202108	191.662451	1.832087	0.007963	3.3
897	-0.166864	191.098145	1.836961	0.011339	3.4
898	-0.187341	192.098131	1.828341	0.008427	3.5
899	-0.187768	193.098131	1.819801	0.008662	3.4
900	-0.176555	194.098097	1.811341	0.008085	3.6
901	-0.165745	194.011093	1.812074	0.012967	3.3
902	-0.195272	193.335006	1.817790	0.004857	3.4
903	-0.177705	194.334994	1.809348	0.013589	3.3
904	-0.199149	193.642867	1.815183	0.007046	3.4
905	-0.178357	194.628888	1.806882	0.009115	3.3
906	-0.189516	195.072138	1.803176	0.003539	3.3
907	-0.187470	194.388822	1.808896	0.009339	3.3
908	-0.184986	195.387095	1.800551	0.010989	3.4
909	-0.190945	196.017302	1.795322	0.007420	3.5
910	-0.185971	197.017201	1.787088	0.005973	3.3
911	-0.204818	197.960156	1.779392	0.008298	3.3
912	-0.188748	198.568609	1.774461	0.008911	3.6
913	-0.186911	199.427294	1.767549	0.012861	3.3
914	-0.167019	200.427294	1.759566	0.011347	3.5
915	-0.187045	199.734459	1.765089	0.007722	3.4
916	-0.176535	199.062823	1.770476	0.009972	4.0
917	-0.171539	200.059836	1.762491	0.008272	3.5
918	-0.185343	201.059806	1.754554	0.011581	3.8
919	-0.173610	200.366972	1.760046	0.004887	3.5
920	-0.160150	199.675385	1.765562	0.004905	3.9
921	-0.158626	199.008053	1.770917	0.007275	3.3
922	-0.172064	198.317003	1.776497	0.003740	3.3
923	-0.177333	199.278687	1.768741	0.008971	4.6
924	-0.148721	198.590793	1.774282	0.006247	3.4
925	-0.175156	197.897960	1.779898	0.005809	3.5
926	-0.170500	198.190791	1.777520	0.009517	3.5
927	-0.194992	199.190761	1.769448	0.010282	3.4
928	-0.198603	200.190759	1.761448	0.008306	3.4
929	-0.163571	201.190758	1.753520	0.013909	3.5
930	-0.164531	202.190758	1.745664	0.016002	3.6
931	-0.174355	203.190758	1.737877	0.004070	3.4
932	-0.199041	202.498607	1.743259	0.010189	3.3
933	-0.198296	201.819828	1.748570	0.010324	3.4
934	-0.163382	201.127065	1.754023	0.010789	3.3
935	-0.173848	200.434231	1.759511	0.018545	3.9
936	-0.171329	199.741397	1.765034	0.007487	3.4
937	-0.220047	199.048906	1.770588	0.002548	3.5
938	-0.186101	198.452997	1.775396	0.004922	3.3
939	-0.168909	197.996461	1.779097	0.016305	3.7
940	-0.167244	198.992820	1.771040	0.003540	3.3
941	-0.172903	198.300044	1.776634	0.005175	3.2
942	-0.178225	197.629606	1.782083	0.007567	3.7
943	-0.194887	196.943482	1.787693	0.004281	3.3
944	-0.160265	197.923605	1.779689	0.003184	5.2
945	-0.192206	197.560218	1.782648	0.005044	3.3
946	-0.186509	197.532947	1.782871	0.019364	4.6
947	-0.189122	198.532866	1.774750	0.013180	3.4
948	-0.183998	197.840032	1.780369	0.026262	3.2
949	-0.190677	197.147197	1.786023	0.004373	3.5
950	-0.177779	196.454407	1.791714	0.016145	3.3
951	-0.187850	195.761934	1.797437	0.013476	3.3
952	-0.186845	196.761934	1.789183	0.011725	3.6
953	-0.178831	196.106506	1.794585	0.013679	3.4
954	-0.183183	197.106506	1.786357	0.006972	3.6
955	-0.183514	196.813829	1.788757	0.005081	3.3
956	-0.196282	196.223460	1.793619	0.011416	3.5
957	-0.161638	197.155457	1.785956	0.006947	3.4
958	-0.184592	198.155457	1.777807	0.008634	3.3
959	-0.178329	199.154051	1.769743	0.007976	3.7
960	-0.182107	200.154033	1.761741	0.023044	3.5
961	-0.157645	199.506762	1.766912	0.009861	3.3
962	-0.176345	198.813928	1.772481	0.013299	3.3
963	-0.157143	199.813928	1.764454	0.006296	3.4
964	-0.185779	199.135043	1.769895	0.007542	3.4
965	-0.175125	198.442412	1.775482	0.010266	3.3
966	-0.177077	197.749584	1.781105	0.018075	3.5
967	-0.181238	198.749584	1.773000	0.009242	3.5
968	-0.203858	199.749584	1.764968	0.016537	3.4
969	-0.184188	200.749584	1.757009	0.012375	3.6
970	-0.184540	201.749584	1.749121	0.006040	3.5
971	-0.183002	202.749579	1.741304	0.005789	3.3
972	-0.185881	202.057188	1.746709	0.006812	3.4
973	-0.184910	201.856959	1.748278	0.005536	3.7
974	-0.164665	201.165245	1.753722	0.005117	3.5
975	-0.174837	200.505849	1.758942	0.011169	3.4
976	-0.164071	201.505799	1.751038	0.006952	3.3
977	-0.191353	200.813371	1.756504	0.008717	3.5
978	-0.188163	201.813335	1.748621	0.011586	3.4
979	-0.150161	202.813252	1.740809	0.007431	3.3
980	-0.176308	202.120420	1.746214	0.006711	3.4
981	-0.181100	203.119936	1.738426	0.006834	3.3
982	-0.191149	204.115202	1.730741	0.005182	3.2
983	-0.170086	204.724762	1.726067	0.007584	3.4
984	-0.167917	204.032596	1.731376	0.010166	3.6
985	-0.184969	205.032549	1.723716	0.020850	3.3
986	-0.182764	206.032549	1.716124	0.002695	3.4
987	-0.179561	207.027466	1.708636	0.006514	3.5
988	-0.191371	206.393027	1.713404	0.004522	3.6
989	-0.156087	207.348965	1.706231	0.006629	3.4
990	-0.176652	206.871009	1.709810	0.011581	3.3
991	-0.183106	207.151079	1.707711	0.007079	3.5
992	-0.172334	208.151079	1.700258	0.009377	3.6
993	-0.178611	207.458246	1.705415	0.006327	3.6
994	-0.173278	208.458109	1.697983	0.001957	3.3
995	-0.168999	207.982504	1.701510	0.009306	3.5
996	-0.173161	207.564718	1.704620	0.008652	3.5
997	-0.186532	208.540519	1.697374	0.004579	3.4
998	-0.186596	207.848874	1.702504	0.017521	3.3
999	-0.188366	207.156039	1.707673	0.013341	4.1
1000	-0.183174	206.463205	1.712875	0.005439	3.4
1001	-0.166901	207.463202	1.705378	0.003470	3.6
1002	-0.182072	206.803241	1.710318	0.009934	3.5
1003	-0.198476	207.643273	1.704034	0.021375	3.5
1004	-0.171888	206.950439	1.709214	0.009092	3.3
1005	-0.160692	207.950439	1.701748	0.009386	3.3
1006	-0.167231	207.257605	1.706914	0.012804	3.6
1007	-0.164458	208.257605	1.699468	0.007255	3.5
1008	-0.166192	208.377780	1.698578	0.010512	3.3
1009	-0.210763	209.377727	1.691205	0.017511	3.6
1010	-0.186987	209.390265	1.691113	0.022462	3.4
1011	-0.194562	208.697430	1.696214	0.015093	3.3
1012	-0.170560	209.697430	1.688862	0.015582	10.2
1013	-0.199809	209.004596	1.693949	0.018433	3.3
1014	-0.174361	210.004596	1.686616	0.008720	3.8
1015	-0.208899	211.004596	1.679346	0.009784	3.3
1016	-0.202555	212.001486	1.672161	0.006566	3.4
1017	-0.189185	212.846535	1.666118	0.008134	3.2
1018	-0.163834	213.724676	1.659885	0.005555	3.3
1019	-0.196636	214.724371	1.652846	0.014324	3.2
1020	-0.188064	215.724370	1.645864	0.006800	3.3
1021	-0.158658	215.031536	1.650695	0.013089	3.6
1022	-0.190471	214.395122	1.655158	0.011711	3.7
1023	-0.160864	213.702307	1.660043	0.012614	3.2
1024	-0.185526	213.009473	1.664958	0.004758	3.3
1025	-0.167629	214.009372	1.657874	0.006489	3.3
1026	-0.198363	213.317885	1.662767	0.010884	3.6
1027	-0.161509	212.626397	1.667688	0.009099	3.4
1028	-0.158383	213.626397	1.660580	0.010057	3.3
1029	-0.164417	214.626278	1.653534	0.017365	5.1
1030	-0.205668	213.933444	1.658410	0.014072	3.6
1031	-0.193260	214.933444	1.651381	0.007120	3.7
1032	-0.200966	215.928429	1.644446	0.012788	3.9
1033	-0.192458	215.823015	1.645178	0.005073	3.5
1034	-0.177097	215.130218	1.650005	0.010218	3.4
1035	-0.174569	216.088027	1.643339	0.010149	3.4
1036	-0.186866	215.395236	1.648155	0.015093	3.5
1037	-0.165818	214.702402	1.653000	0.002789	3.3
1038	-0.188425	215.608743	1.646668	0.015430	3.4
1039	-0.203095	215.005633	1.650876	0.012819	3.3
1040	-0.189653	216.005633	1.643910	0.005730	3.3
1041	-0.168996	217.005632	1.637003	0.010274	3.4
1042	-0.190250	218.005624	1.630154	0.022702	3.6
1043	-0.198691	219.005624	1.623362	0.018238	3.6
1044	-0.189342	218.312790	1.628062	0.005602	3.3
1045	-0.177241	217.619956	1.632789	0.010094	3.4
1046	-0.155549	216.927258	1.637543	0.007463	3.6
1047	-0.208617	216.234424	1.642325	0.007534	3.7
1048	-0.187622	215.541839	1.647134	0.010652	3.3
1049	-0.169164	216.541646	1.640201	0.008396	3.4
1050	-0.179931	216.385066	1.641283	0.004024	3.6
1051	-0.179992	216.209833	1.642495	0.005200	3.3
1052	-0.187774	216.719128	1.638976	0.006402	3.3
1053	-0.203822	217.671807	1.632434	0.014103	3.4
1054	-0.183687	218.670467	1.625632	0.009283	3.4
1055	-0.188006	219.659958	1.618948	0.016849	3.3
1056	-0.170231	220.655654	1.612278	0.005529	3.6
1057	-0.184714	220.037278	1.616414	0.008286	3.3
1058	-0.175288	221.032308	1.609769	0.011503	3.3
1059	-0.189615	222.001707	1.603347	0.017328	3.5
1060	-0.177129	223.001707	1.596776	0.015293	4.1
1061	-0.175643	224.001707	1.590258	0.010197	3.2
1062	-0.177949	223.308873	1.594768	0.008349	3.4
1063	-0.214995	222.616040	1.599304	0.005072	3.3
1064	-0.162287	223.611676	1.592794	0.006765	3.3
1065	-0.181206	222.928780	1.597253	0.006214	3.6
1066	-0.175595	223.914078	1.590827	0.007661	3.6
1067	-0.191499	223.794512	1.591604	0.012984	3.7
1068	-0.185883	223.133670	1.595913	0.005220	3.4
1069	-0.184054	222.441942	1.600447	0.005013	3.6
1070	-0.174025	221.763095	1.604923	0.005863	3.4
1071	-0.183224	222.282307	1.601498	0.007210	3.4
1072	-0.167176	223.281645	1.594946	0.009477	3.3
1073	-0.177229	222.588838	1.599482	0.008219	3.5
1074	-0.186411	221.916716	1.603908	0.023554	3.4
1075	-0.180364	222.911677	1.597365	0.014336	3.5
1076	-0.177381	222.218843	1.601915	0.014332	3.3
1077	-0.184457	223.218843	1.595356	0.011188	3.5
1078	-0.169699	222.526008	1.599895	0.027695	3.6
1079	-0.180946	223.526008	1.593352	0.010287	3.5
1080	-0.189327	224.526008	1.586863	0.014686	3.4
1081	-0.193892	225.526008	1.580426	0.010549	3.4
1082	-0.163605	224.833174	1.584880	0.006215	5.1
1083	-0.190038	224.140341	1.589359	0.007366	3.3
1084	-0.188929	223.484400	1.593623	0.011366	3.4
1085	-0.182261	222.791566	1.598152	0.010128	4.7
1086	-0.180715	222.098735	1.602707	0.012724	3.3
1087	-0.174334	223.098735	1.596141	0.006672	3.5
1088	-0.204081	224.098735	1.589629	0.018429	3.5
1089	-0.192396	223.405900	1.594135	0.010744	3.4
1090	-0.185236	222.713066	1.598667	0.017768	3.4
1091	-0.188484	222.020232	1.603225	0.006756	3.3
1092	-0.187774	221.425631	1.607157	0.018738	3.3
1093	-0.202773	222.425446	1.600556	0.006741	3.4
1094	-0.174687	221.732612	1.605124	0.004345	3.5
1095	-0.176723	221.061822	1.609572	0.013531	3.2
1096	-0.204857	222.061796	1.602950	0.008473	3.3
1097	-0.191530	221.368962	1.607533	0.007726	3.3
1098	-0.174945	222.368156	1.600933	0.011904	3.3
1099	-0.171733	223.368156	1.594381	0.007896	3.3
1100	-0.168825	224.368156	1.587883	0.005420	3.3
1101	-0.166033	225.367754	1.581441	0.010149	3.4
1102	-0.191816	226.367739	1.575048	0.008360	3.3
1103	-0.205787	227.367734	1.568706	0.006772	3.7
1104	-0.164341	228.353752	1.562503	0.004505	3.7
1105	-0.196061	227.708404	1.566558	0.004684	3.7
1106	-0.172797	228.263882	1.563066	0.009700	3.4
1107	-0.194159	227.571285	1.567422	0.006693	3.4
1108	-0.183806	226.887182	1.571747	0.016922	3.4
1109	-0.170614	226.194446	1.576152	0.015490	3.6
1110	-0.179173	225.501612	1.580582	0.007219	3.6
1111	-0.149219	226.501612	1.574196	0.010840	3.4
1112	-0.177475	227.494797	1.567904	0.005703	3.7
1113	-0.169425	226.809028	1.572243	0.008990	3.3
1114	-0.172758	227.802817	1.565963	0.009522	3.4
1115	-0.201265	227.844289	1.565702	0.015685	3.5
1116	-0.179578	227.160864	1.570014	0.008417	3.5
1117	-0.179425	228.160864	1.563713	0.006175	3.4
1118	-0.195406	227.468972	1.568067	0.006667	3.3
1119	-0.173961	226.777889	1.572441	0.011325	3.4
1120	-0.182995	227.777889	1.566120	0.004096	3.3
1121	-0.174836	228.766370	1.559922	0.007591	3.3
1122	-0.174850	229.750179	1.553802	0.011914	3.3
1123	-0.172548	229.057344	1.558107	0.011171	3.4
1124	-0.183840	230.057344	1.551900	0.009613	3.3
1125	-0.173364	229.364510	1.556195	0.013675	3.4
1126	-0.186396	230.364506	1.550004	0.005478	3.3
1127	-0.175406	231.364472	1.543862	0.005411	3.3
1128	-0.198273	230.723832	1.547792	0.009717	3.3
1129	-0.196640	231.719577	1.541693	0.007691	3.3
1130	-0.184993	231.026764	1.545931	0.003780	3.6
1131	-0.194342	231.826066	1.541044	0.009578	3.3
1132	-0.177698	232.825418	1.534976	0.013507	3.2
1133	-0.188181	233.825418	1.528953	0.002234	3.5
1134	-0.185496	233.142552	1.533061	0.006209	3.3
1135	-0.193638	233.937263	1.528282	0.002851	3.5
1136	-0.195690	234.766870	1.523325	0.005402	3.3
1137	-0.173315	235.020347	1.521817	0.006894	3.3
1138	-0.163722	236.017277	1.515914	0.008255	3.7
1139	-0.213041	235.324581	1.520010	0.004081	3.6
1140	-0.184762	236.144576	1.515163	0.009273	3.6
1141	-0.182175	235.609861	1.518321	0.005884	3.5
1142	-0.177497	236.603652	1.512463	0.004933	3.8
1143	-0.192097	237.541938	1.506974	0.014120	3.4
1144	-0.188187	238.541255	1.501172	0.013564	4.0
1145	-0.176330	237.848421	1.505190	0.007625	3.3
1146	-0.187396	237.155878	1.509228	0.009397	3.3
1147	-0.176790	236.463051	1.513289	0.007876	3.6
1148	-0.161996	235.921463	1.516479	0.009893	3.4
1149	-0.173294	235.228629	1.520580	0.008630	3.2
1150	-0.180543	236.228609	1.514668	0.007933	3.5
1151	-0.192655	235.535930	1.518758	0.024514	3.3
1152	-0.184798	236.535930	1.512861	0.008516	3.4
1153	-0.186678	237.535930	1.507009	0.006542	3.3
1154	-0.208685	238.534807	1.501209	0.006135	3.3
1155	-0.196360	239.534506	1.495449	0.009624	3.5
1156	-0.206663	239.233682	1.497178	0.011498	3.7
1157	-0.180906	240.233682	1.491446	0.006454	3.3
1158	-0.157382	241.233678	1.485759	0.002658	3.3
1159	-0.169920	241.676011	1.483257	0.005348	3.4
1160	-0.189550	242.225593	1.480160	0.011776	3.3
1161	-0.160371	243.225586	1.474558	0.007921	5.6
1162	-0.179356	242.604219	1.478034	0.004992	3.3
1163	-0.193767	243.603262	1.472454	0.007401	3.3
1164	-0.175599	242.934070	1.476187	0.007224	3.5
1165	-0.160262	243.933969	1.470616	0.013699	3.4
1166	-0.185619	244.933969	1.465086	0.016328	3.3
1167	-0.200841	244.241135	1.468912	0.007385	3.4
1168	-0.173715	243.841973	1.471126	0.006979	3.5
1169	-0.184874	244.841950	1.465593	0.003488	3.5
1170	-0.159136	245.727379	1.460727	0.003392	3.3
1171	-0.161937	245.406438	1.462487	0.005075	3.4
1172	-0.180846	246.262534	1.457803	0.012687	3.5
1173	-0.178786	245.570706	1.461586	0.004206	4.4
1174	-0.172772	246.568858	1.456134	0.007486	3.5
1175	-0.182009	247.565674	1.450729	0.006743	3.4
1176	-0.199869	246.884536	1.454418	0.012817	3.4
1177	-0.189373	246.195772	1.458167	0.010287	3.5
1178	-0.157917	247.195746	1.452730	0.005824	3.3
1179	-0.203457	248.195683	1.447334	0.009028	3.6
1180	-0.200464	247.503053	1.451067	0.007910	3.5
1181	-0.180713	246.828481	1.454722	0.015488	3.3
1182	-0.180443	247.828480	1.449311	0.008100	3.4
1183	-0.202160	247.135646	1.453056	0.016073	3.3
1184	-0.180448	246.446879	1.456798	0.016526	3.6
1185	-0.186666	247.446879	1.451371	0.020358	3.3
1186	-0.179579	246.754045	1.455127	0.012462	3.6
1187	-0.199795	247.754045	1.449712	0.010811	3.3
1188	-0.179451	247.061210	1.453459	0.007043	3.3
1189	-0.179398	248.023291	1.448261	0.013550	3.4
1190	-0.185478	247.438072	1.451419	0.010020	3.9
1191	-0.158230	248.435814	1.446044	0.013953	3.5
1192	-0.163899	247.742980	1.449772	0.002693	3.6
1193	-0.174676	247.206481	1.452672	0.013262	3.4
1194	-0.173105	246.771840	1.455030	0.012704	3.4
1195	-0.180745	247.771840	1.449616	0.013575	3.5
1196	-0.182732	248.771840	1.444243	0.006973	3.7
1197	-0.189209	249.771716	1.438910	0.006655	3.3
1198	-0.180470	250.771487	1.433616	0.013168	4.3
1199	-0.176350	250.078746	1.437280	0.005631	4.2
1200	-0.174020	251.078744	1.431997	0.007042	4.0
1201	-0.177542	252.058061	1.426861	0.014278	3.7
1202	-0.186257	251.365227	1.430491	0.017131	3.7
1203	-0.186678	252.365227	1.425258	0.006791	3.4
1204	-0.201352	251.735307	1.428550	0.012419	3.4
1205	-0.181563	252.687605	1.423579	0.009631	3.2
1206	-0.169026	253.687550	1.418397	0.008445	3.5
1207	-0.193655	254.680140	1.413290	0.011625	4.5
1208	-0.174575	253.987308	1.416851	0.014759	6.7
1209	-0.187356	253.294474	1.420430	0.006598	6.0
1210	-0.187032	254.294424	1.415270	0.006583	4.7
1211	-0.191087	253.703877	1.418313	0.007674	4.4
1212	-0.188622	254.703818	1.413169	0.005174	4.1
1213	-0.167861	254.013357	1.416717	0.012227	4.2
1214	-0.162119	253.320528	1.420295	0.005632	3.4
1215	-0.176576	254.320521	1.415136	0.004588	3.5
1216	-0.193842	255.211915	1.410569	0.008264	3.3
1217	-0.185616	256.200398	1.405539	0.008707	3.5
1218	-0.205973	255.671453	1.408226	0.006486	6.6
1219	-0.164089	256.671449	1.403155	0.008005	3.8
1220	-0.192802	257.668054	1.398137	0.012908	3.7
1221	-0.210913	258.520924	1.393871	0.018293	4.0
1222	-0.167385	257.828093	1.397334	0.004646	3.7
1223	-0.173809	257.135259	1.400815	0.011573	3.5
1224	-0.167868	257.921073	1.396868	0.014848	3.4
1225	-0.158471	258.862769	1.392168	0.011873	3.5
1226	-0.189319	259.546922	1.388773	0.009601	3.5
1227	-0.197629	260.546921	1.383840	0.009280	3.5
1228	-0.173776	259.854087	1.387254	0.008694	3.3
1229	-0.180266	259.161283	1.390685	0.013503	3.4
1230	-0.205371	260.146902	1.385809	0.009353	3.3
1231	-0.168312	261.146902	1.380898	0.002201	3.4
1232	-0.176159	260.546912	1.383840	0.006512	5.8
1233	-0.196376	261.123474	1.381012	0.016462	3.3
1234	-0.174365	262.089439	1.376300	0.006552	3.3
1235	-0.189429	263.089383	1.371456	0.013819	3.4
1236	-0.182227	264.024926	1.366954	0.009964	3.4
1237	-0.190642	265.024926	1.362175	0.006384	3.4
1238	-0.184263	264.341386	1.365438	0.016485	3.3
1239	-0.187036	263.648553	1.368762	0.005373	3.3
1240	-0.166183	264.646877	1.363978	0.008812	3.5
1241	-0.175264	265.637444	1.359264	0.004788	3.5
1242	-0.199461	264.947665	1.362543	0.006910	3.7
1243	-0.176490	265.317540	1.360783	0.003481	3.3
1244	-0.166990	266.038394	1.357366	0.013643	3.3
1245	-0.190234	267.038054	1.352655	0.013345	3.5
1246	-0.182173	266.345220	1.355916	0.014053	3.9
1247	-0.190686	267.345220	1.351214	0.012915	3.5
1248	-0.185345	266.652386	1.354468	0.007606	3.3
1249	-0.177800	267.652386	1.349776	0.008598	3.3
1250	-0.188629	267.260685	1.351610	0.017036	3.7
1251	-0.182096	268.260685	1.346937	0.008600	3.4
1252	-0.188472	268.882101	1.344050	0.005380	3.4
1253	-0.176860	269.869413	1.339488	0.007133	3.5
1254	-0.176324	269.177218	1.342683	0.009302	3.6
1255	-0.165152	270.177218	1.338072	0.010425	3.7
1256	-0.183906	269.484383	1.341263	0.007073	3.6
1257	-0.169264	270.484382	1.336662	0.013161	3.6
1258	-0.184788	271.484196	1.332093	0.021093	3.7
1259	-0.165306	270.791362	1.335255	0.007264	3.4
1260	-0.163121	270.098553	1.338433	0.006349	3.7
1261	-0.189414	271.098191	1.333853	0.006033	3.6
1262	-0.181527	271.770767	1.330789	0.004057	3.3
1263	-0.184094	271.835381	1.330495	0.009637	3.4
1264	-0.171281	271.915400	1.330132	0.005951	3.4
1265	-0.176347	271.293862	1.332960	0.012651	3.3
1266	-0.187445	272.293861	1.328415	0.010885	3.4
1267	-0.200674	273.293860	1.323901	0.010099	3.6
1268	-0.192340	272.601026	1.327025	0.009707	3.4
1269	-0.166017	273.601026	1.322521	0.011767	3.3
1270	-0.187024	272.908191	1.325639	0.010788	3.3
1271	-0.162678	272.215357	1.328771	0.004511	4.3
1272	-0.189265	273.178605	1.324420	0.012954	7.3
1273	-0.185898	274.178599	1.319933	0.006140	5.7
1274	-0.174335	274.301499	1.319384	0.005115	3.3
1275	-0.174500	274.698140	1.317614	0.005080	3.7
1276	-0.153357	274.012402	1.320677	0.002823	4.4
1277	-0.160445	274.392102	1.318979	0.011218	4.0
1278	-0.165650	275.367727	1.314637	0.003276	3.6
1279	-0.174168	274.712389	1.317551	0.007354	3.3
1280	-0.180190	275.678774	1.313259	0.003902	3.4
1281	-0.187407	275.016681	1.316196	0.003934	3.3
1282	-0.160880	275.338023	1.314769	0.008178	3.4
1283	-0.191278	274.689882	1.317651	0.013007	4.1
1284	-0.187969	273.997048	1.320745	0.011429	4.1
1285	-0.177540	273.321601	1.323776	0.008187	4.1
1286	-0.165199	274.321601	1.319294	0.006292	3.4
1287	-0.203796	273.631375	1.322385	0.007245	3.3
1288	-0.181637	274.572613	1.318174	0.004645	3.4
1289	-0.177228	275.551528	1.313822	0.005720	3.7
1290	-0.188115	276.518568	1.309552	0.005069	3.4
1291	-0.176575	277.490325	1.305289	0.003062	4.0
1292	-0.189680	278.348849	1.301545	0.015404	3.8
1293	-0.158725	277.661099	1.304542	0.008756	4.0
1294	-0.194830	278.661099	1.300189	0.016267	3.3
1295	-0.168996	279.661099	1.295864	0.011692	3.4
1296	-0.176296	280.661099	1.291569	0.008979	3.7
1297	-0.189510	281.661089	1.287301	0.011462	3.6
1298	-0.161382	280.968255	1.290255	0.004931	3.7
1299	-0.167244	280.275448	1.293222	0.003273	3.4
1300	-0.170796	280.600057	1.291830	0.014277	3.3
1301	-0.177728	281.333610	1.288696	0.005602	3.3
1302	-0.189134	282.316147	1.284521	0.007168	3.5
1303	-0.214176	283.227980	1.280671	0.014387	4.1
1304	-0.160191	284.227980	1.276475	0.009959	3.9
1305	-0.186867	285.227980	1.272307	0.007326	3.5
1306	-0.182444	286.227974	1.268166	0.005465	3.4
1307	-0.179972	287.219298	1.264087	0.007438	3.4
1308	-0.201331	288.217200	1.260008	0.009609	3.4
1309	-0.172957	289.214623	1.255956	0.018449	3.5
1310	-0.199557	290.214623	1.251921	0.012352	3.7
1311	-0.180257	289.521789	1.254714	0.014564	4.3
1312	-0.176882	290.521789	1.250686	0.004753	3.4
1313	-0.176497	289.828977	1.253474	0.008181	3.4
1314	-0.169407	290.825632	1.249468	0.012189	3.3
1315	-0.175174	290.132798	1.252250	0.009147	3.3
1316	-0.176396	291.132797	1.248238	0.005130	3.4
1317	-0.174835	291.782999	1.245643	0.007433	3.3
1318	-0.199103	292.782823	1.241674	0.004527	3.2
1319	-0.164055	293.780623	1.237738	0.004210	3.5
1320	-0.156197	294.263830	1.235841	0.015947	3.6
1321	-0.179118	293.571050	1.238563	0.013025	3.3
1322	-0.163053	294.571037	1.234638	0.007513	3.3
1323	-0.168586	295.463182	1.231157	0.006410	3.5
1324	-0.218710	296.463136	1.227280	0.023563	3.4
1325	-0.184034	297.463136	1.223426	0.005849	3.6
1326	-0.195051	296.968442	1.225329	0.004041	3.4
1327	-0.177214	297.039637	1.225055	0.013477	3.4
1328	-0.172725	298.025656	1.221269	0.004625	3.4
1329	-0.186838	299.024895	1.217455	0.003751	3.3
1330	-0.186175	299.399512	1.216032	0.007338	3.4
1331	-0.187373	298.924444	1.217838	0.010870	3.7
1332	-0.193814	299.656435	1.215058	0.004171	3.3
1333	-0.177389	299.413745	1.215978	0.008268	3.3
1334	-0.182905	300.409697	1.212210	0.006907	3.9
1335	-0.193145	299.799711	1.214515	0.005300	3.3
1336	-0.173573	300.619401	1.211420	0.009974	3.4
1337	-0.161594	300.006567	1.213732	0.015485	3.5
1338	-0.165124	300.797395	1.210749	0.004750	3.6
1339	-0.183483	300.815941	1.210680	0.015945	3.3
1340	-0.175566	301.352525	1.208664	0.012041	3.4
1341	-0.208457	302.352525	1.204926	0.010499	3.4
1342	-0.176548	301.659691	1.207514	0.007317	3.5
1343	-0.180981	302.649330	1.203821	0.007570	3.4
1344	-0.200053	303.239142	1.201632	0.013051	3.5
1345	-0.163848	302.546308	1.204205	0.009159	4.0
1346	-0.184125	303.546308	1.200494	0.006321	3.6
1347	-0.174596	302.853487	1.203063	0.015556	3.3
1348	-0.193365	302.182419	1.205561	0.010864	3.4
1349	-0.199262	301.489585	1.208151	0.013279	3.3
1350	-0.169354	302.489585	1.204416	0.017974	3.2
1351	-0.174781	303.489585	1.200704	0.006585	3.2
1352	-0.172504	304.489585	1.197015	0.007672	3.3
1353	-0.190591	305.485997	1.193362	0.020414	5.2
1354	-0.176134	306.485997	1.189718	0.004108	3.4
1355	-0.184143	305.793175	1.192240	0.013557	3.4
1356	-0.204533	305.157104	1.194565	0.017232	4.2
1357	-0.191100	306.157104	1.190914	0.011226	3.3
1358	-0.176650	305.464269	1.193442	0.007692	3.4
1359	-0.187383	304.835501	1.195745	0.003740	3.8
1360	-0.185611	304.390504	1.197380	0.006890	3.3
1361	-0.195966	304.151967	1.198258	0.005125	3.4
1362	-0.190779	303.459688	1.200815	0.008076	3.6
1363	-0.223377	304.109297	1.198415	0.004216	3.3
1364	-0.175990	303.843639	1.199396	0.007197	3.3
1365	-0.182872	304.834385	1.195749	0.005968	3.3
1366	-0.204767	304.145915	1.198281	0.007084	3.3
1367	-0.175671	305.122135	1.194694	0.006084	3.3
1368	-0.196298	304.847718	1.195700	0.003535	3.3
1369	-0.166104	304.725945	1.196147	0.014115	3.3
1370	-0.173675	305.720980	1.192504	0.008670	3.5
1371	-0.163756	306.720980	1.188865	0.010191	3.4
1372	-0.186594	307.708473	1.185294	0.006465	3.3
1373	-0.176794	307.015640	1.187797	0.003753	3.3
1374	-0.200804	306.801674	1.188572	0.010934	3.6
1375	-0.170325	307.171990	1.187231	0.008195	3.5
1376	-0.192461	306.479156	1.189743	0.010209	3.4
1377	-0.197664	305.911388	1.191809	0.012282	3.3
1378	-0.166206	305.218553	1.194340	0.009195	3.6
1379	-0.165202	304.525760	1.196882	0.009597	3.4
1380	-0.172570	303.832931	1.199435	0.006425	3.5
1381	-0.171516	303.200549	1.201775	0.012837	3.8
1382	-0.177723	302.507715	1.204348	0.002143	3.6
1383	-0.156081	303.344634	1.201241	0.013535	3.7
1384	-0.194038	302.832939	1.203139	0.010989	3.4
1385	-0.204043	302.210233	1.205457	0.014553	3.3
1386	-0.179820	301.517399	1.208047	0.011422	3.4
1387	-0.173127	302.517399	1.204312	0.007941	3.4
1388	-0.190209	303.361169	1.201180	0.009794	3.3
1389	-0.186583	304.226663	1.197983	0.007604	3.2
1390	-0.155515	303.890294	1.199223	0.008372	3.4
1391	-0.184408	304.890292	1.195543	0.017442	3.3
1392	-0.196668	304.197458	1.198091	0.007718	3.3
1393	-0.178917	303.575046	1.200388	0.009136	3.4
1394	-0.173611	304.571556	1.196714	0.004086	3.3
1395	-0.188643	305.431000	1.193563	0.004546	3.5
1396	-0.179160	305.765713	1.192341	0.005517	3.3
1397	-0.170063	306.752246	1.188752	0.009577	3.3
1398	-0.180618	307.748087	1.185151	0.007734	3.5
1399	-0.185920	307.055253	1.187654	0.006027	3.3
1400	-0.185324	306.467342	1.189786	0.014906	3.4
1401	-0.183406	307.467339	1.186164	0.008747	3.4
1402	-0.176403	306.774505	1.188671	0.007251	3.3
1403	-0.196087	307.774501	1.185055	0.012007	3.4
1404	-0.193714	307.187561	1.187175	0.025407	3.3
1405	-0.188039	308.187561	1.183568	0.006923	3.3
1406	-0.187297	309.187561	1.179984	0.009181	3.3
1407	-0.187319	308.494727	1.182465	0.013920	3.3
1408	-0.181308	309.494727	1.178887	0.012462	3.4
1409	-0.173902	310.494727	1.175331	0.007083	3.5
1410	-0.195057	310.974689	1.173632	0.010443	3.3
1411	-0.184722	311.966656	1.170135	0.016065	3.2
1412	-0.210583	312.966656	1.166631	0.018435	3.5
1413	-0.184498	312.273822	1.169057	0.009738	3.7
1414	-0.181905	313.273822	1.165559	0.011456	3.5
1415	-0.203351	314.253893	1.162152	0.008706	3.5
1416	-0.170102	313.618113	1.164360	0.017226	3.7
1417	-0.224272	314.618113	1.160891	0.012385	4.3
1418	-0.185092	315.618113	1.157442	0.010674	4.0
1419	-0.169923	316.614974	1.154025	0.007891	3.5
1420	-0.179986	315.923420	1.156393	0.006486	3.4
1421	-0.197680	316.921693	1.152977	0.005707	3.5
1422	-0.165110	316.229795	1.155343	0.004176	3.6
1423	-0.174680	316.666117	1.153850	0.029195	3.4
1424	-0.179249	317.661944	1.150457	0.006782	3.3
1425	-0.179548	318.661944	1.147070	0.007871	3.3
1426	-0.175720	317.969176	1.149414	0.009980	3.4
1427	-0.188340	317.276343	1.151768	0.012602	3.3
1428	-0.175362	318.276343	1.148374	0.013591	3.3
1429	-0.168633	319.276225	1.144999	0.012228	3.3
1430	-0.187750	320.276225	1.141644	0.004887	3.3
1431	-0.169077	319.640252	1.143776	0.019081	3.3
1432	-0.185305	320.429444	1.141132	0.008283	3.5
1433	-0.180554	319.736618	1.143452	0.009802	3.7
1434	-0.194847	319.043811	1.145782	0.014323	3.4
1435	-0.146307	320.043811	1.142422	0.004974	3.3
1436	-0.183592	319.350980	1.144748	0.006649	3.3
1437	-0.168555	318.888323	1.146306	0.021048	3.5
1438	-0.167652	319.888323	1.142943	0.005321	3.3
1439	-0.192050	319.195591	1.145271	0.004375	3.4
1440	-0.179510	320.139997	1.142100	0.002282	3.3
1441	-0.165937	320.760172	1.140028	0.008530	3.3
1442	-0.192462	321.365599	1.138012	0.005910	3.6
1443	-0.182316	322.328621	1.134820	0.010508	4.8
1444	-0.169908	323.327429	1.131528	0.004870	3.5
1445	-0.174340	324.323381	1.128264	0.007649	3.4
1446	-0.170861	323.633224	1.130524	0.008868	3.3
1447	-0.201780	324.604575	1.127346	0.004350	3.3
1448	-0.181670	325.577931	1.124180	0.005276	3.3
1449	-0.170471	324.893845	1.126403	0.005795	3.3
1450	-0.168881	325.882402	1.123193	0.004318	3.4
1451	-0.193838	325.195750	1.125421	0.009230	4.1
1452	-0.167958	324.732527	1.126929	0.008075	5.3
1453	-0.157981	324.039807	1.129192	0.009149	4.0
1454	-0.173202	325.039801	1.125928	0.004844	4.9
1455	-0.191618	324.349084	1.128180	0.014803	4.4
1456	-0.185729	323.661048	1.130432	0.014204	3.7
1457	-0.172289	322.968214	1.132709	0.008161	3.7
1458	-0.170445	323.968210	1.129426	0.018174	3.4
1459	-0.191922	323.967704	1.129428	0.007314	3.3
1460	-0.178192	323.274869	1.131700	0.012156	3.7
1461	-0.174849	322.582892	1.133980	0.006914	3.3
1462	-0.167712	322.012224	1.135866	0.007508	3.4
1463	-0.183298	323.010870	1.132569	0.002578	3.2
1464	-0.201595	322.337554	1.134790	0.016867	5.5
1465	-0.178263	321.645010	1.137084	0.007179	5.1
1466	-0.184919	322.645010	1.133775	0.008358	4.5
1467	-0.187808	323.644909	1.130485	0.004354	5.2
1468	-0.172449	322.953023	1.132759	0.008036	3.9
1469	-0.181106	323.941427	1.129514	0.016192	3.3
1470	-0.193987	323.248599	1.131787	0.003594	3.3
1471	-0.176867	324.248581	1.128509	0.003357	3.3
1472	-0.184524	324.378238	1.128085	0.018568	3.3
1473	-0.172357	323.685435	1.130352	0.020095	3.4
1474	-0.171271	324.685435	1.127083	0.007852	3.5
1475	-0.171031	323.994287	1.129340	0.008221	3.6
1476	-0.183542	324.981853	1.126117	0.005023	4.0
1477	-0.183220	325.337653	1.124960	0.018305	4.1
1478	-0.201227	326.335523	1.121728	0.012597	4.3
1479	-0.185961	325.642689	1.123970	0.009428	3.6
1480	-0.174839	326.642687	1.120737	0.006336	3.5
1481	-0.186223	325.995734	1.122827	0.010227	3.4
1482	-0.185816	326.995492	1.119601	0.013643	3.3
1483	-0.168900	326.302657	1.121834	0.015803	4.4
1484	-0.195591	325.610727	1.124074	0.010839	3.4
1485	-0.182415	326.610727	1.120840	0.013439	3.5
1486	-0.178500	325.917893	1.123078	0.021888	3.4
1487	-0.176066	325.225059	1.125326	0.005399	3.7
1488	-0.168721	324.532224	1.127582	0.005236	3.5
1489	-0.194061	325.176296	1.125484	0.013201	6.2
1490	-0.186183	326.162319	1.122288	0.005937	4.4
1491	-0.181270	326.781108	1.120291	0.009126	4.5
1492	-0.202093	326.971761	1.119677	0.015964	3.8
1493	-0.184378	326.278927	1.121911	0.015136	3.6
1494	-0.165620	325.586093	1.124154	0.010744	3.3
1495	-0.167136	324.893259	1.126405	0.012702	3.6
1496	-0.195582	325.893259	1.123158	0.011845	3.7
1497	-0.177321	325.200424	1.125406	0.012228	3.3
1498	-0.189917	326.199879	1.122166	0.003881	3.3
1499	-0.189405	325.508003	1.124407	0.002217	3.3
1500	-0.216408	326.142799	1.122351	0.012586	3.2
1501	-0.214373	325.690123	1.123816	0.004053	3.3
1502	-0.172814	324.997526	1.126066	0.012596	3.5
1503	-0.192953	325.994080	1.122832	0.014466	3.5
1504	-0.181784	325.301246	1.125078	0.008873	3.6
1505	-0.181370	326.301069	1.121839	0.011639	3.6
1506	-0.203717	327.300942	1.118619	0.007404	3.6
1507	-0.209101	326.637617	1.120753	0.006101	3.4
1508	-0.177765	327.605099	1.117643	0.010547	3.5
1509	-0.179172	328.600795	1.114460	0.006741	3.5
1510	-0.184165	327.908519	1.116671	0.012547	3.3
1511	-0.155913	327.558400	1.117793	0.010862	3.4
1512	-0.177016	328.558400	1.114595	0.013051	3.3
1513	-0.167661	329.558400	1.111415	0.013085	3.2
1514	-0.191468	328.865566	1.113616	0.005039	3.3
1515	-0.182356	329.865534	1.110443	0.003618	3.4
1516	-0.178406	330.553484	1.108270	0.013122	3.5
1517	-0.199477	329.860832	1.110457	0.008147	3.5
1518	-0.141048	329.167998	1.112655	0.009792	3.6
1519	-0.203223	330.156935	1.109521	0.007705	3.8
1520	-0.186800	329.464101	1.111714	0.011226	3.6
1521	-0.186987	328.926347	1.113423	0.008691	3.7
1522	-0.160108	328.233512	1.115632	0.004487	3.5
1523	-0.158894	328.585696	1.114508	0.004553	3.5
1524	-0.196631	327.954653	1.116523	0.005118	3.7
1525	-0.159548	327.310623	1.118588	0.013122	3.6
1526	-0.166959	326.678484	1.120622	0.005972	3.6
1527	-0.164360	325.985654	1.122859	0.004946	3.4
1528	-0.185642	326.962421	1.119707	0.006619	3.5
1529	-0.168621	326.271700	1.121934	0.005614	3.4
1530	-0.158024	326.278893	1.121911	0.005235	3.4
1531	-0.170699	325.732952	1.123678	0.008154	3.8
1532	-0.159377	326.724689	1.120473	0.009193	4.0
1533	-0.185488	326.031855	1.122710	0.010111	3.5
1534	-0.174146	327.021671	1.119517	0.007946	3.8
1535	-0.181271	326.580337	1.120938	0.010798	4.7
1536	-0.176248	325.887503	1.123177	0.003176	3.3
1537	-0.181111	326.791104	1.120259	0.005300	4.7
1538	-0.155378	326.211784	1.122128	0.009778	4.5
1539	-0.171462	327.209584	1.118912	0.005512	3.5
1540	-0.177373	328.124111	1.115981	0.007468	8.5
1541	-0.208748	328.837624	1.113705	0.007781	4.1
1542	-0.178507	329.817798	1.110594	0.008355	4.4
1543	-0.184668	329.137697	1.112751	0.009837	3.6
1544	-0.169921	328.444877	1.114957	0.011334	3.7
1545	-0.201736	329.444877	1.111775	0.014189	4.0
1546	-0.177144	328.752042	1.113978	0.003574	3.4
1547	-0.164817	329.751909	1.110802	0.006009	3.3
1548	-0.186599	329.157938	1.112687	0.007821	3.6
1549	-0.191777	329.616664	1.111231	0.013506	3.3
1550	-0.183366	330.604870	1.108108	0.008100	3.5
1551	-0.170498	329.912035	1.110295	0.010343	3.5
1552	-0.178636	330.912035	1.107140	0.008472	3.7
1553	-0.161501	330.219217	1.109324	0.011568	3.3
1554	-0.196013	329.679750	1.111031	0.007167	4.2
1555	-0.166441	330.679697	1.107872	0.007316	4.1
1556	-0.194759	329.987427	1.110057	0.011095	3.7
1557	-0.155685	329.295095	1.112251	0.014715	3.7
1558	-0.187331	330.173363	1.109469	0.008570	3.6
1559	-0.172585	331.173363	1.106319	0.004368	4.2
1560	-0.189707	331.891057	1.104069	0.007907	3.4
1561	-0.189988	332.005950	1.103709	0.005362	3.8
1562	-0.165104	331.320281	1.105857	0.007753	4.2
1563	-0.139521	330.631634	1.108023	0.019378	3.4
1564	-0.165924	329.938799	1.110211	0.010641	3.4
1565	-0.180843	330.938799	1.107056	0.005787	3.4
1566	-0.173092	330.465384	1.108547	0.006594	3.6
1567	-0.179660	330.149004	1.109546	0.009706	3.5
1568	-0.205388	329.456357	1.111739	0.004694	3.3
1569	-0.171468	330.456196	1.108576	0.008326	3.4
1570	-0.189586	331.441879	1.105476	0.008534	3.4
1571	-0.173495	332.441877	1.102348	0.008995	3.6
1572	-0.182342	332.387692	1.102517	0.007436	4.1
1573	-0.165723	333.385357	1.099413	0.007640	3.4
1574	-0.188077	334.385317	1.096320	0.006940	3.4
1575	-0.184813	333.743194	1.098304	0.019114	3.4
1576	-0.189896	334.742812	1.095218	0.005030	3.6
1577	-0.176192	334.049999	1.097355	0.004971	3.4
1578	-0.181234	334.970880	1.094517	0.010595	3.3
1579	-0.176433	334.297598	1.096591	0.008453	3.5
1580	-0.185849	333.604764	1.098733	0.001698	3.4
1581	-0.181335	333.792685	1.098151	0.021681	3.7
1582	-0.188901	333.344047	1.099542	0.014492	3.3
1583	-0.151065	332.651212	1.101696	0.009787	3.4
1584	-0.158320	331.958378	1.103858	0.006428	5.1
1585	-0.188877	331.292263	1.105945	0.009754	3.6
1586	-0.171075	332.239223	1.102981	0.009242	3.7
1587	-0.203128	331.547831	1.105144	0.009592	3.3
1588	-0.178922	330.854997	1.107320	0.010092	3.5
1589	-0.179507	331.651418	1.104819	0.011296	3.5
1590	-0.178281	332.651418	1.101695	0.006421	3.5
1591	-0.178373	331.958584	1.103858	0.006804	10.5
1592	-0.191035	331.303001	1.105912	0.010104	3.9
1593	-0.184691	330.679561	1.107872	0.011241	3.8
1594	-0.165401	331.679561	1.104731	0.014350	3.4
1595	-0.194354	332.679561	1.101607	0.009794	5.0
1596	-0.185463	333.679560	1.098501	0.018264	3.4
1597	-0.177889	334.679560	1.095413	0.009792	4.2
1598	-0.203935	335.679553	1.092342	0.013675	3.3
1599	-0.173405	334.986719	1.094468	0.010684	3.4
1600	-0.169149	334.293885	1.096602	0.011962	3.4
1601	-0.167276	335.293878	1.093524	0.006949	3.5
1602	-0.176921	334.604086	1.095646	0.016120	3.3
1603	-0.180991	333.911252	1.097784	0.007160	3.8
1604	-0.179893	333.218418	1.099932	0.019490	3.5
1605	-0.190308	334.218418	1.096835	0.005227	3.5
1606	-0.171686	334.590635	1.095687	0.005340	3.3
1607	-0.188249	335.580844	1.092644	0.008148	3.5
1608	-0.192613	334.899680	1.094736	0.003797	3.3
1609	-0.175438	335.896897	1.091677	0.004397	3.4
1610	-0.188167	335.925124	1.091590	0.009365	3.3
1611	-0.192090	336.919481	1.088558	0.010272	3.5
1612	-0.159437	337.919476	1.085525	0.003913	3.3
1613	-0.170429	338.918449	1.082512	0.007003	3.5
1614	-0.179777	338.257324	1.084504	0.005504	3.4
1615	-0.167496	337.583416	1.086542	0.012844	3.9
1616	-0.168839	336.890679	1.088645	0.008787	3.4
1617	-0.171475	336.197845	1.090757	0.008144	3.3
1618	-0.174857	335.505028	1.092877	0.009240	3.4
1619	-0.174500	334.812196	1.095005	0.013895	3.4
1620	-0.188760	335.812196	1.091936	0.014352	5.0
1621	-0.202885	336.812196	1.088884	0.006378	3.3
1622	-0.193134	337.812196	1.085849	0.010404	4.2
1623	-0.170564	338.812196	1.082832	0.004415	3.3
1624	-0.181430	339.810903	1.079834	0.005897	3.4
1625	-0.198256	339.264299	1.081473	0.005935	3.5
1626	-0.188509	338.905562	1.082551	0.014761	3.4
1627	-0.182912	339.905562	1.079551	0.011216	3.6
1628	-0.168225	339.215604	1.081619	0.019879	3.6
1629	-0.172503	340.215484	1.078625	0.008894	3.5
1630	-0.181649	341.215358	1.075647	0.012818	3.7
1631	-0.173666	340.522524	1.077709	0.013172	3.6
1632	-0.166840	341.519835	1.074744	0.015319	3.3
1633	-0.163717	340.827001	1.076802	0.007372	3.4
1634	-0.193386	340.134167	1.078868	0.008213	3.3
1635	-0.147096	340.064516	1.079076	0.007843	3.4
1636	-0.163780	339.903729	1.079557	0.008493	3.3
1637	-0.172552	339.226853	1.081585	0.010895	3.7
1638	-0.195672	338.536814	1.083661	0.008116	3.9
1639	-0.166368	337.843980	1.085753	0.015305	3.4
1640	-0.183209	338.843980	1.082736	0.009729	3.4
1641	-0.201529	338.151146	1.084825	0.009535	3.4
1642	-0.176534	337.789275	1.085919	0.006430	3.3
1643	-0.191431	338.776947	1.082938	0.013576	3.7
1644	-0.178413	338.086552	1.085020	0.007531	3.5
1645	-0.153518	337.398400	1.087103	0.003957	3.4
1646	-0.170801	336.713575	1.089184	0.014621	3.3
1647	-0.149521	337.705961	1.086171	0.012598	3.6
1648	-0.149583	338.705961	1.083151	0.003567	3.3
1649	-0.206168	339.271489	1.081451	0.007788	3.3
1650	-0.183793	340.194431	1.078688	0.015324	3.6
1651	-0.187914	339.501597	1.080761	0.005051	3.3
1652	-0.185662	338.808765	1.082842	0.015693	3.6
1653	-0.157435	338.116094	1.084931	0.006056	3.3
1654	-0.165856	339.116093	1.081918	0.002515	3.2
1655	-0.188288	339.366113	1.081167	0.009946	3.4
1656	-0.189147	339.889235	1.079600	0.019784	3.4
1657	-0.181425	339.196401	1.081677	0.015758	3.7
1658	-0.186854	338.503567	1.083761	0.016837	3.3
1659	-0.172538	337.810732	1.085854	0.004206	3.3
1660	-0.192745	338.810088	1.082838	0.007255	3.7
1661	-0.180457	338.231966	1.084581	0.017105	3.5
1662	-0.205236	339.231966	1.081570	0.008352	3.9
1663	-0.178689	338.539759	1.083652	0.009342	3.6
1664	-0.172961	339.351290	1.081212	0.003955	3.8
1665	-0.162746	340.128467	1.078885	0.007655	3.6
1666	-0.176228	339.578683	1.080530	0.012555	3.5
1667	-0.170524	338.934358	1.082464	0.005820	3.6
1668	-0.179103	338.272051	1.084460	0.011335	3.6
1669	-0.191363	339.271934	1.081450	0.007941	3.4
1670	-0.184306	338.579100	1.083534	0.005268	3.3
1671	-0.182959	339.538786	1.080649	0.009297	3.3
1672	-0.173620	338.869932	1.082658	0.010359	3.5
1673	-0.212706	339.869932	1.079658	0.010473	3.4
1674	-0.165858	339.177098	1.081735	0.005251	3.4
1675	-0.181787	338.484543	1.083819	0.011188	3.6
1676	-0.168684	339.478420	1.080830	0.014767	3.7
1677	-0.216172	340.478420	1.077840	0.006786	3.5
1678	-0.184546	339.785586	1.079910	0.008280	3.6
1679	-0.181350	340.702800	1.077172	0.004876	3.3
1680	-0.177019	341.163581	1.075801	0.008165	3.3
1681	-0.189171	341.825685	1.073838	0.015287	3.6
1682	-0.177077	342.825685	1.070887	0.005195	3.4
1683	-0.194255	343.825684	1.067951	0.005598	3.5
1684	-0.173439	343.138787	1.069966	0.021472	3.3
1685	-0.170436	342.445953	1.072005	0.009464	3.5
1686	-0.175058	343.445953	1.069064	0.004494	3.2
1687	-0.162826	342.755461	1.071093	0.011711	3.5
1688	-0.173463	342.062767	1.073137	0.006739	3.3
1689	-0.173190	341.369933	1.075189	0.008255	4.3
1690	-0.183767	342.369930	1.072230	0.007092	3.3
1691	-0.181277	341.677105	1.074278	0.004913	3.3
1692	-0.188961	340.986301	1.076328	0.012945	3.4
1693	-0.196877	340.293566	1.078392	0.006143	3.2
1694	-0.184176	341.293566	1.075415	0.015724	3.6
1695	-0.187465	342.293505	1.072455	0.017615	3.5
1696	-0.209300	341.600671	1.074504	0.015228	3.5
1697	-0.167335	342.600671	1.071549	0.022720	3.4
1698	-0.187349	341.907836	1.073595	0.009539	4.2
1699	-0.164683	342.907836	1.070645	0.012444	3.5
1700	-0.189551	342.215002	1.072687	0.005962	3.5
1701	-0.192622	343.214994	1.069742	0.007894	3.7
1702	-0.170195	344.214106	1.066815	0.004950	3.4
1703	-0.169099	345.184052	1.063990	0.004322	3.5
1704	-0.200322	345.833888	1.062105	0.007671	3.4
1705	-0.184074	345.145917	1.064100	0.016265	3.4
1706	-0.190116	344.623426	1.065621	0.008292	3.3
1707	-0.161683	345.623426	1.062714	0.005906	3.4
1708	-0.179872	346.623272	1.059824	0.013399	3.3
1709	-0.188098	345.930438	1.061825	0.006727	4.3
1710	-0.198884	345.237604	1.063834	0.009166	3.7
1711	-0.164729	344.544772	1.065850	0.012037	3.7
1712	-0.181951	345.544772	1.062943	0.007323	3.4
1713	-0.159578	344.851938	1.064955	0.003331	3.7
1714	-0.194963	344.334506	1.066464	0.009261	3.9
1715	-0.190874	343.652780	1.068458	0.008037	3.6
1716	-0.171545	344.652703	1.065536	0.004849	3.7
1717	-0.179096	345.646454	1.062648	0.008327	3.4
1718	-0.179386	346.637167	1.059784	0.007170	3.2
1719	-0.181170	347.633987	1.056918	0.013226	3.5
1720	-0.184337	346.941153	1.058909	0.011308	3.4
1721	-0.178169	347.941153	1.056038	0.007640	3.3
1722	-0.176466	347.248786	1.058024	0.015636	3.3
1723	-0.186817	348.248786	1.055159	0.008716	3.4
1724	-0.185064	349.248786	1.052309	0.008114	3.3
1725	-0.179458	348.555960	1.054282	0.008774	3.3
1726	-0.169405	347.893078	1.056176	0.010916	3.3
1727	-0.177213	347.208742	1.058139	0.019327	3.8
1728	-0.195214	348.208742	1.055273	0.016061	3.7
1729	-0.174315	347.515907	1.057257	0.003928	3.4
1730	-0.176854	348.515423	1.054397	0.006123	3.3
1731	-0.197618	347.865408	1.056255	0.006980	3.4
1732	-0.181386	347.216213	1.058117	0.015930	3.5
1733	-0.200485	348.209874	1.055270	0.015795	3.6
1734	-0.166745	347.517040	1.057254	0.010424	3.3
1735	-0.190616	348.517040	1.054393	0.008502	3.5
1736	-0.182133	349.517040	1.051547	0.017350	3.9
1737	-0.186629	348.824205	1.053517	0.007746	3.4
1738	-0.187360	348.131675	1.055493	0.005290	3.6
1739	-0.176511	347.439629	1.057476	0.006649	3.5
1740	-0.192886	348.434322	1.054629	0.019686	3.6
1741	-0.180191	347.991129	1.055895	0.008649	3.5
1742	-0.169116	347.298296	1.057882	0.004927	3.4
1743	-0.174741	346.935278	1.058925	0.008154	3.4
1744	-0.185609	347.929263	1.056072	0.012213	3.8
1745	-0.183907	348.929262	1.053218	0.007256	3.4
1746	-0.184949	349.907241	1.050441	0.016032	3.4
1747	-0.176079	350.907241	1.047616	0.007669	3.5
1748	-0.202069	350.214407	1.049571	0.011025	3.3
1749	-0.177132	351.185071	1.046834	0.006110	3.3
1750	-0.191494	350.492237	1.048786	0.009098	3.3
1751	-0.160823	349.799405	1.050746	0.006321	3.3
1752	-0.203517	350.500849	1.048762	0.007772	3.3
1753	-0.167012	351.149833	1.046933	0.007169	3.8
1754	-0.176284	352.148284	1.044132	0.003080	3.3
1755	-0.203591	352.685436	1.042631	0.013402	3.3
1756	-0.178706	353.540621	1.040250	0.007631	3.3
1757	-0.185823	354.540588	1.037480	0.014225	3.5
1758	-0.177065	353.847753	1.039398	0.008734	4.0
1759	-0.199897	353.154919	1.041323	0.006061	5.1
1760	-0.170604	352.462101	1.043254	0.006596	4.0
1761	-0.186622	351.803361	1.045098	0.011094	3.3
1762	-0.187409	351.152429	1.046926	0.010310	3.6
1763	-0.172762	352.152429	1.044120	0.003059	3.4
1764	-0.154776	353.048959	1.041618	0.007656	3.3
1765	-0.177026	352.751307	1.042447	0.005675	3.6
1766	-0.179962	352.487628	1.043183	0.001820	3.5
1767	-0.172731	353.235815	1.041098	0.011922	3.3
1768	-0.188162	352.570897	1.042951	0.006348	3.5
1769	-0.151876	351.878063	1.044889	0.010776	3.4
1770	-0.177134	351.185233	1.046834	0.007242	3.3
1771	-0.173942	352.185233	1.044028	0.007875	3.3
1772	-0.175006	351.492410	1.045970	0.013557	3.6
1773	-0.162150	352.492410	1.043170	0.005951	4.4
1774	-0.190275	353.492052	1.040385	0.011182	4.4
1775	-0.173166	352.799543	1.042313	0.006054	4.2
1776	-0.167903	352.119051	1.044214	0.004539	3.4
1777	-0.182603	353.108891	1.041451	0.007475	3.4
1778	-0.173529	354.033684	1.038883	0.009491	3.5
1779	-0.185511	353.347539	1.040787	0.005431	3.7
1780	-0.172219	354.336251	1.038045	0.009205	3.4
1781	-0.185253	355.329975	1.035304	0.005639	3.4
1782	-0.188995	356.310531	1.032614	0.012015	3.3
1783	-0.194718	357.293506	1.029930	0.007754	3.2
1784	-0.155895	356.600947	1.031819	0.009244	3.5
1785	-0.166558	357.310934	1.029883	0.009754	4.2
1786	-0.191991	358.308707	1.027174	0.015102	3.3
1787	-0.156918	359.306279	1.024480	0.005659	3.3
1788	-0.167599	358.613534	1.026349	0.014283	3.4
1789	-0.191187	357.920720	1.028226	0.008771	5.8
1790	-0.185625	358.920253	1.025521	0.007621	3.8
1791	-0.186144	359.920251	1.022828	0.005833	3.3
1792	-0.168432	359.395889	1.024238	0.006824	3.3
1793	-0.170825	358.704029	1.026105	0.016830	4.7
1794	-0.176434	358.317563	1.027150	0.008572	3.3
1795	-0.173955	359.317563	1.024449	0.010542	3.3
1796	-0.186043	360.317552	1.021763	0.007948	3.4
1797	-0.183019	359.624718	1.023622	0.011398	3.4
1798	-0.192285	360.624715	1.020940	0.004237	3.5
1799	-0.191720	359.934383	1.022790	0.007342	3.6
1800	-0.189570	360.929807	1.020125	0.008454	3.5
1801	-0.202066	360.979735	1.019991	0.004615	3.7
1802	-0.197055	361.950249	1.017406	0.005707	3.5
1803	-0.186506	361.265422	1.019229	0.009993	3.5
1804	-0.186491	360.575814	1.021071	0.012587	3.3
1805	-0.189200	359.882980	1.022928	0.007452	3.6
1806	-0.191681	359.198672	1.024770	0.003297	3.3
1807	-0.189561	359.558886	1.023800	0.014963	3.3
1808	-0.173559	358.870999	1.025653	0.013942	3.3
1809	-0.168644	358.178164	1.027528	0.007227	3.4
1810	-0.198413	357.485330	1.029409	0.009744	4.1
1811	-0.172925	358.481672	1.026706	0.015898	4.5
1812	-0.164957	358.383135	1.026972	0.014833	3.8
1813	-0.161286	357.690301	1.028851	0.007002	3.3
1814	-0.152480	356.999679	1.030731	0.004694	3.4
1815	-0.192712	357.916723	1.028237	0.012792	3.3
1816	-0.174115	358.686496	1.026152	0.003773	3.4
1817	-0.188581	357.994278	1.028026	0.007947	3.4
1818	-0.183589	357.303459	1.029903	0.006030	3.7
1819	-0.189415	358.303320	1.027189	0.008408	3.5
1820	-0.190359	359.296121	1.024507	0.011455	3.4
1821	-0.179214	358.603286	1.026377	0.019215	3.2
1822	-0.188197	357.910470	1.028253	0.011237	3.6
1823	-0.183316	357.560287	1.029205	0.005678	3.5
1824	-0.157393	357.014321	1.030691	0.005014	3.4
1825	-0.169398	357.618316	1.029047	0.004719	3.5
1826	-0.190830	357.522296	1.029308	0.016326	3.6
1827	-0.171285	358.486426	1.026693	0.008734	3.7
1828	-0.177280	359.486426	1.023995	0.008211	3.3
1829	-0.182179	358.795438	1.025858	0.010690	3.2
1830	-0.185354	359.184854	1.024807	0.004719	3.3
1831	-0.194128	358.817153	1.025799	0.008928	3.3
1832	-0.170557	359.698615	1.023424	0.006438	3.9
1833	-0.155577	359.061385	1.025140	0.013055	3.3
1834	-0.188651	358.765306	1.025939	0.005193	4.0
1835	-0.171231	359.178978	1.024823	0.004848	3.5
1836	-0.190931	360.129802	1.022266	0.004931	3.7
1837	-0.173410	360.273486	1.021881	0.010757	3.3
1838	-0.149119	359.580836	1.023741	0.007065	3.4
1839	-0.189290	358.888061	1.025607	0.010095	3.3
1840	-0.163447	358.319809	1.027144	0.016064	3.6
1841	-0.182797	359.319809	1.024443	0.015168	3.3
1842	-0.171218	358.626975	1.026313	0.006968	3.4
1843	-0.180568	357.934141	1.028189	0.016524	3.4
1844	-0.148560	358.934141	1.025483	0.004978	3.6
1845	-0.199909	359.933872	1.022792	0.004435	3.3
1846	-0.180158	360.888530	1.020235	0.006111	4.6
1847	-0.177827	360.236077	1.021981	0.018981	4.0
1848	-0.208788	359.543243	1.023842	0.012718	3.4
1849	-0.183986	360.543243	1.021158	0.011494	3.3
1850	-0.197916	361.543238	1.018489	0.006642	3.7
1851	-0.174475	360.850426	1.020337	0.004450	3.5
1852	-0.181173	360.374614	1.021610	0.004559	3.5
1853	-0.184475	360.521399	1.021217	0.010483	3.4
1854	-0.182894	361.518652	1.018554	0.012822	3.5
1855	-0.173220	360.825818	1.020402	0.007103	3.7
1856	-0.165346	360.133053	1.022257	0.005818	3.7
1857	-0.190209	361.116981	1.019625	0.015825	3.5
1858	-0.153688	362.064167	1.017104	0.006958	3.6
1859	-0.200218	361.371333	1.018947	0.012070	3.4
1860	-0.202353	362.371271	1.016289	0.012705	3.3
1861	-0.164968	363.307331	1.013814	0.010354	3.9
1862	-0.187541	362.614497	1.015645	0.003527	3.7
1863	-0.194236	362.756081	1.015270	0.009928	3.9
1864	-0.181461	363.559208	1.013150	0.006054	3.7
1865	-0.170594	362.866392	1.014978	0.008576	3.4
1866	-0.177001	362.447083	1.016088	0.012832	3.3
1867	-0.143289	361.754249	1.017927	0.006852	3.2
1868	-0.186231	361.063881	1.019767	0.023328	3.7
1869	-0.181332	360.371047	1.021619	0.008972	3.7
1870	-0.165438	359.678213	1.023479	0.009328	3.7
1871	-0.159896	359.011314	1.025275	0.013310	3.5
1872	-0.185446	358.318491	1.027147	0.003987	3.2
1873	-0.190368	358.296837	1.027206	0.013513	3.4
1874	-0.201536	357.604680	1.029084	0.004899	3.3
1875	-0.191630	357.682453	1.028873	0.005171	3.3
1876	-0.172082	357.051974	1.030589	0.007477	3.3
1877	-0.199579	356.359309	1.032480	0.009853	4.0
1878	-0.155929	357.359198	1.029752	0.007401	3.3
1879	-0.216017	358.280613	1.027250	0.003826	3.5
1880	-0.186754	357.667800	1.028912	0.011298	3.7
1881	-0.172186	357.413050	1.029605	0.006143	3.4
1882	-0.157252	356.723729	1.031484	0.010951	3.4
1883	-0.168601	356.030896	1.033380	0.022463	3.3
1884	-0.171026	356.952258	1.030860	0.005039	3.4
1885	-0.179000	356.259424	1.032754	0.009718	3.4
1886	-0.189060	357.221996	1.030125	0.011892	3.3
1887	-0.176731	356.870526	1.031083	0.006790	3.4
1888	-0.180647	357.870524	1.028362	0.006885	3.7
1889	-0.204132	358.869918	1.025656	0.012321	3.5
1890	-0.201828	358.177085	1.027530	0.014084	4.0
1891	-0.161411	357.484251	1.029411	0.012353	3.5
1892	-0.163201	358.006610	1.027993	0.002118	3.3
1893	-0.177489	358.958242	1.025418	0.009472	4.0
1894	-0.166163	358.651893	1.026245	0.013777	3.4
1895	-0.171716	358.017414	1.027963	0.005474	5.5
1896	-0.192091	357.324635	1.029846	0.013037	4.5
1897	-0.180059	357.343731	1.029794	0.013659	3.6
1898	-0.200111	358.343731	1.027079	0.012432	3.5
1899	-0.175099	359.343731	1.024379	0.008340	3.4
1900	-0.157038	360.343731	1.021692	0.006560	3.3
1901	-0.189096	359.650983	1.023552	0.004713	3.7
1902	-0.185689	359.002213	1.025299	0.006354	3.8
1903	-0.195708	358.312195	1.027164	0.012602	3.3
1904	-0.174765	357.807788	1.028532	0.014984	3.4
1905	-0.181528	357.114953	1.030417	0.004785	3.5
1906	-0.178200	358.114953	1.027699	0.010356	3.6
1907	-0.186612	357.422553	1.029579	0.007295	3.8
1908	-0.185042	358.422553	1.026866	0.016871	3.5
1909	-0.178572	357.729719	1.028744	0.006824	3.3
1910	-0.175243	358.729719	1.026035	0.007519	3.4
1911	-0.175884	358.036901	1.027911	0.007345	3.6
1912	-0.165880	357.344132	1.029793	0.009329	3.3
1913	-0.189720	356.651300	1.031682	0.008480	3.3
1914	-0.173524	357.651299	1.028957	0.011174	3.3
1915	-0.188939	356.958467	1.030843	0.011987	3.4
1916	-0.167870	356.265633	1.032737	0.006276	5.6
1917	-0.171520	357.265630	1.030006	0.003585	3.3
1918	-0.179213	356.991541	1.030753	0.007409	3.3
1919	-0.165535	357.961512	1.028115	0.022514	3.5
1920	-0.173291	357.268678	1.029998	0.009959	3.6
1921	-0.185831	356.575843	1.031888	0.010927	3.3
1922	-0.161233	357.575843	1.029162	0.015697	3.4
1923	-0.163739	358.575843	1.026451	0.009207	3.5
1924	-0.194008	357.883009	1.028328	0.005201	3.8
1925	-0.190074	358.838644	1.025741	0.006409	4.0
1926	-0.162070	358.172239	1.027544	0.012112	3.8
1927	-0.210671	359.172219	1.024841	0.009447	3.2
1928	-0.212110	358.479384	1.026712	0.010718	3.2
1929	-0.185770	359.479384	1.024013	0.017188	3.5
1930	-0.164547	358.786551	1.025882	0.005401	3.4
1931	-0.175685	358.115096	1.027699	0.010273	3.5
1932	-0.167415	357.458795	1.029481	0.024911	3.4
1933	-0.172483	356.765961	1.031369	0.008368	3.5
1934	-0.177777	357.765961	1.028646	0.020295	3.5
1935	-0.193801	357.073127	1.030531	0.010567	3.4
1936	-0.196793	356.380293	1.032423	0.019831	3.3
1937	-0.185533	355.688022	1.034320	0.005439	3.5
1938	-0.183177	356.688022	1.031582	0.009826	3.7
1939	-0.159480	355.996251	1.033475	0.012195	3.3
1940	-0.174665	355.303417	1.035377	0.007760	3.4
1941	-0.180964	356.139172	1.033083	0.009685	3.3
1942	-0.195082	357.139141	1.030351	0.007675	3.3
1943	-0.174708	356.447093	1.032240	0.019477	3.4
1944	-0.198033	355.788725	1.034044	0.011290	3.3
1945	-0.175169	355.095890	1.035949	0.010621	3.3
1946	-0.158657	354.403516	1.037859	0.010737	3.6
1947	-0.182140	355.372353	1.035188	0.007069	3.4
1948	-0.176171	354.770411	1.036846	0.011691	3.4
1949	-0.190775	354.077580	1.038761	0.013880	3.3
1950	-0.183049	355.077580	1.035999	0.018294	3.4
1951	-0.179449	356.077580	1.033252	0.007146	3.3
1952	-0.186641	355.384745	1.035154	0.004285	3.3
1953	-0.160526	354.695913	1.037052	0.009377	3.3
1954	-0.180520	354.509009	1.037568	0.006730	3.3
1955	-0.171195	354.575324	1.037384	0.011224	3.4
1956	-0.174566	353.882513	1.039302	0.009994	3.7
1957	-0.177720	354.882066	1.036538	0.008720	3.9
1958	-0.190622	354.455020	1.037717	0.006440	3.5
1959	-0.195675	355.405552	1.035096	0.008064	3.7
1960	-0.182139	354.720180	1.036985	0.012354	3.7
1961	-0.203063	355.711152	1.034257	0.010550	3.4
1962	-0.171223	356.711080	1.031519	0.003264	3.7
1963	-0.166500	357.616813	1.029051	0.014416	3.8
1964	-0.182570	358.296937	1.027206	0.007144	3.7
1965	-0.168210	359.296937	1.024505	0.005130	3.6
1966	-0.175394	358.634433	1.026293	0.011062	3.5
1967	-0.177556	359.632147	1.023603	0.004615	3.4
1968	-0.186993	358.955657	1.025425	0.012887	3.6
1969	-0.195761	359.850568	1.023015	0.030153	5.6
1970	-0.169819	359.157734	1.024880	0.008261	4.8
1971	-0.193294	358.464899	1.026751	0.009602	3.4
1972	-0.181141	359.464415	1.024054	0.005835	4.2
1973	-0.167162	360.464388	1.021369	0.013575	4.0
1974	-0.177383	360.515907	1.021231	0.008135	3.6
1975	-0.184753	359.823072	1.023089	0.006969	3.4
1976	-0.180234	360.821871	1.020413	0.014386	3.4
1977	-0.189813	360.129037	1.022268	0.007552	3.3
1978	-0.179238	361.129037	1.019593	0.005118	3.6
1979	-0.212553	360.437426	1.021442	0.003328	3.8
1980	-0.162175	361.048338	1.019808	0.002717	4.4
1981	-0.165989	360.575630	1.021072	0.003707	3.3
1982	-0.171987	360.356726	1.021658	0.010098	3.3
1983	-0.183550	361.264508	1.019231	0.011375	3.4
1984	-0.199555	360.571674	1.021082	0.004454	3.4
1985	-0.193613	359.878846	1.022940	0.012009	3.4
1986	-0.184271	360.875487	1.020270	0.004447	3.3
1987	-0.201642	360.182955	1.022123	0.010152	3.3
1988	-0.208817	361.182786	1.019449	0.008212	3.4
1989	-0.186091	362.182756	1.016789	0.004253	3.6
1990	-0.166183	363.000180	1.014625	0.008223	3.3
1991	-0.180038	363.996384	1.011999	0.009425	3.3
1992	-0.181591	363.303550	1.013824	0.006168	3.7
1993	-0.184552	364.250008	1.011333	0.010965	3.4
1994	-0.175589	363.562235	1.013142	0.007421	3.3
1995	-0.180447	362.869402	1.014970	0.006361	3.3
1996	-0.188532	363.869019	1.012334	0.010304	3.5
1997	-0.163135	363.258411	1.013943	0.023659	3.5
1998	-0.191226	364.258411	1.011311	0.007956	3.4
1999	-0.171139	365.258411	1.008693	0.007124	3.5
