1:ItNr	2:Metric	3a:Time	3b:StepSize	4:||Gradient||	Time[ms]
0	-0.201888	0.000000	7.723074	0.008658	2386.8
1	-0.241135	0.000000	7.723074	0.004890	2.0
2	-0.201172	0.000000	7.723074	0.016535	2.0
3	-0.216182	0.000000	7.723074	0.006999	2.1
4	-0.244218	0.999954	7.372040	0.005815	2.0
5	-0.222978	1.368340	7.250630	0.021938	1.9
6	-0.232199	2.368338	6.940355	0.012280	2.0
7	-0.199780	1.442115	7.226794	0.007626	2.0
8	-0.212360	2.442110	6.918513	0.007997	2.1
9	-0.222388	3.441630	6.635586	0.004160	2.0
10	-0.208740	2.548809	6.887166	0.003298	2.0
11	-0.218443	2.775390	6.821531	0.006211	2.0
12	-0.206656	3.006971	6.755727	0.006841	1.9
13	-0.228945	2.568627	6.881374	0.002783	1.9
14	-0.250509	2.366461	6.940912	0.005288	2.1
15	-0.217803	2.706885	6.841243	0.014489	4.2
16	-0.202261	1.803157	7.112373	0.009829	2.1
17	-0.197879	1.965251	7.062172	0.006292	2.0
18	-0.231143	1.044176	7.357252	0.005367	5.3
19	-0.218827	1.880022	7.088479	0.006957	3.2
20	-0.230618	2.710181	6.840292	0.011610	1.9
21	-0.235829	1.786641	7.117528	0.007825	2.0
22	-0.205714	0.860455	7.419084	0.012802	1.9
23	-0.228468	1.860407	7.094561	0.009853	1.9
24	-0.227738	2.860403	6.797226	0.002571	2.0
25	-0.253430	3.759387	6.550427	0.018927	2.0
26	-0.194315	4.754195	6.297403	0.007192	2.0
27	-0.217805	3.839233	6.529370	0.010495	2.1
28	-0.254688	4.828560	6.279272	0.010323	1.9
29	-0.263821	3.902338	6.512824	0.003793	2.0
30	-0.228901	3.395720	6.648074	0.012048	1.9
31	-0.223176	2.607459	6.870055	0.010288	2.0
32	-0.201650	1.681237	7.150604	0.008372	2.0
33	-0.236991	0.755578	7.454849	0.005698	1.9
34	-0.235754	1.750293	7.128899	0.007704	2.0
35	-0.234442	0.857352	7.420137	0.010057	1.9
36	-0.201283	0.000000	7.723074	0.002475	2.0
37	-0.237881	0.275993	7.622890	0.007877	2.1
38	-0.193997	0.000000	7.723074	0.011201	2.0
39	-0.242294	0.000000	7.723074	0.007246	2.0
40	-0.163401	0.000000	7.723074	0.005363	1.9
41	-0.235489	0.000000	7.723074	0.011961	1.9
42	-0.287210	0.000000	7.723074	0.005768	1.9
43	-0.211773	0.932732	7.394635	0.007341	1.9
44	-0.258327	1.457610	7.221808	0.015241	1.9
45	-0.208305	2.457608	6.913942	0.004622	2.0
46	-0.232356	3.218865	6.696621	0.002720	2.0
47	-0.217596	3.764975	6.548949	0.005403	1.8
48	-0.215930	4.081060	6.466415	0.017355	2.0
49	-0.225686	5.081057	6.218481	0.019348	1.9
50	-0.232126	6.081057	5.988856	0.017535	1.9
51	-0.231079	7.081057	5.775586	0.002847	1.9
52	-0.226617	6.934171	5.805955	0.006771	1.9
53	-0.220267	7.340735	5.722666	0.009096	1.8
54	-0.236649	6.415406	5.915818	0.007729	1.9
55	-0.251020	7.415264	5.707656	0.009421	1.9
56	-0.232609	6.489202	5.899937	0.004996	1.9
57	-0.214329	6.796826	5.834643	0.006005	1.8
58	-0.215195	7.179611	5.755386	0.005499	1.8
59	-0.229083	6.336493	5.932895	0.003159	2.0
60	-0.250483	5.569232	6.104224	0.002842	1.9
61	-0.239380	5.868840	6.036158	0.008806	1.8
62	-0.222097	6.345870	5.930861	0.012849	1.9
63	-0.236934	6.626403	5.870636	0.004493	1.9
64	-0.227769	6.132585	5.977482	0.009124	2.0
65	-0.241134	6.097637	5.985192	0.010460	1.8
66	-0.260017	7.097606	5.772184	0.004971	1.9
67	-0.202231	8.041951	5.584492	0.003962	1.9
68	-0.218593	8.370904	5.521946	0.009304	1.9
69	-0.211290	9.349836	5.343836	0.013822	1.9
70	-0.206752	10.349813	5.173382	0.005787	1.8
71	-0.223928	11.349553	5.013502	0.004594	7.6
72	-0.227690	11.183532	5.039365	0.005246	1.9
73	-0.229095	11.490420	4.991765	0.008215	1.9
74	-0.221678	12.487072	4.843199	0.005044	1.8
75	-0.191289	12.090554	4.901234	0.015653	1.8
76	-0.191322	11.279935	5.024315	0.003842	2.0
77	-0.227299	11.129114	5.047900	0.008074	1.9
78	-0.253828	10.322575	5.177881	0.010715	2.0
79	-0.252070	11.322520	5.017695	0.010088	1.8
80	-0.258907	10.397797	5.165475	0.009448	2.0
81	-0.235947	9.471576	5.322487	0.008047	1.9
82	-0.221309	8.546699	5.489092	0.007880	2.0
83	-0.197994	9.544595	5.309763	0.007690	1.8
84	-0.245306	9.623893	5.296014	0.008469	1.9
85	-0.218458	8.699680	5.460818	0.007079	1.9
86	-0.259601	7.877151	5.616363	0.002243	1.8
87	-0.233851	7.684588	5.654066	0.002096	2.1
88	-0.198986	7.898003	5.612310	0.008345	2.0
89	-0.268901	7.720484	5.646999	0.007216	1.9
90	-0.224077	6.795375	5.834947	0.012602	2.0
91	-0.231889	5.869261	6.036063	0.007671	1.8
92	-0.245183	6.860251	5.821360	0.008626	1.9
93	-0.233644	7.063178	5.779265	0.004237	1.9
94	-0.217238	8.037820	5.585287	0.006471	1.8
95	-0.235634	8.855948	5.432236	0.004454	2.0
96	-0.238144	8.114214	5.570631	0.004403	1.8
97	-0.207594	8.938410	5.417273	0.005490	1.9
98	-0.219203	9.106174	5.387086	0.005206	1.8
99	-0.258989	8.967857	5.411950	0.002688	2.0
100	-0.243663	9.663707	5.289137	0.011640	1.9
101	-0.240064	9.650030	5.291497	0.004326	2.2
102	-0.226435	9.707137	5.281657	0.016679	1.9
103	-0.203781	9.030822	5.400603	0.011583	1.8
104	-0.244208	10.030810	5.226565	0.004041	1.9
105	-0.224199	11.025951	5.064160	0.007323	1.8
106	-0.207713	10.293473	5.182696	0.005504	2.1
107	-0.194121	10.396699	5.165656	0.006824	4.4
108	-0.272433	10.399560	5.165185	0.010976	1.9
109	-0.244475	11.397967	5.006010	0.007867	2.0
110	-0.240035	12.028713	4.910411	0.012706	1.9
111	-0.206289	11.122856	5.048883	0.010362	1.8
112	-0.253748	12.122856	4.896454	0.002372	2.2
113	-0.243959	12.817526	4.795873	0.009837	2.5
114	-0.236902	12.263549	4.875744	0.015316	1.8
115	-0.227659	11.337326	5.015398	0.009989	1.8
116	-0.261065	10.411103	5.163287	0.006488	2.0
117	-0.204013	10.727288	5.111831	0.008520	1.9
118	-0.205531	10.738578	5.110013	0.009085	2.1
119	-0.186150	11.738468	4.953944	0.006493	1.8
120	-0.206766	12.721493	4.809531	0.008372	1.8
121	-0.226079	13.250517	4.735244	0.006319	1.8
122	-0.180257	14.243900	4.601776	0.010785	1.8
123	-0.223936	13.318403	4.725877	0.006015	1.9
124	-0.241657	12.737566	4.807239	0.008474	1.8
125	-0.212937	11.849071	4.937264	0.004867	1.8
126	-0.203440	11.020935	5.064954	0.003225	1.9
127	-0.227446	10.330754	5.176529	0.016906	1.9
128	-0.252536	11.327239	5.016963	0.013252	1.9
129	-0.272820	10.401016	5.164946	0.010326	1.8
130	-0.245611	11.401016	5.005539	0.005948	1.8
131	-0.226592	10.488525	5.150592	0.006966	1.8
132	-0.212683	10.871125	5.088761	0.008860	2.0
133	-0.232231	9.946871	5.240741	0.004094	1.9
134	-0.205622	9.140197	5.381005	0.002818	1.8
135	-0.244154	9.458507	5.324770	0.004094	1.8
136	-0.229085	9.527743	5.312694	0.010739	2.1
137	-0.231064	8.785483	5.445087	0.006847	1.9
138	-0.224889	8.182145	5.557664	0.004574	1.8
139	-0.202095	7.411588	5.708394	0.013384	1.9
140	-0.212157	8.410757	5.514464	0.014130	1.8
141	-0.240168	9.410757	5.333131	0.006612	1.8
142	-0.208256	10.410743	5.163347	0.005538	1.9
143	-0.223470	9.721055	5.279264	0.012776	1.9
144	-0.192564	10.719400	5.113103	0.005391	1.9
145	-0.242673	11.718913	4.956905	0.007824	1.8
146	-0.229200	12.707910	4.811469	0.008879	1.8
147	-0.213033	11.783290	4.947171	0.004808	1.7
148	-0.231395	12.777178	4.801602	0.011016	1.8
149	-0.227601	11.862015	4.935320	0.007251	1.9
150	-0.203422	12.851790	4.791018	0.013765	1.8
151	-0.252159	12.756933	4.804481	0.005018	1.8
152	-0.208982	11.830920	4.939994	0.006714	1.8
153	-0.231841	10.938151	5.078082	0.006131	1.9
154	-0.204809	10.077580	5.218699	0.018801	2.0
155	-0.249193	9.151430	5.379000	0.003651	1.9
156	-0.211059	10.124855	5.210773	0.007955	1.9
157	-0.230153	11.052146	5.060022	0.007404	1.9
158	-0.221037	10.553428	5.139998	0.011154	1.9
159	-0.216387	11.552932	4.982180	0.003026	1.8
160	-0.222308	11.354677	5.012708	0.003579	1.9
161	-0.238945	11.247993	5.029291	0.017860	1.9
162	-0.237571	10.366726	5.170592	0.009606	1.9
163	-0.241344	11.366726	5.010842	0.005442	1.8
164	-0.235774	12.053271	4.906763	0.009070	1.8
165	-0.210589	12.773490	4.802126	0.013434	1.8
166	-0.234099	13.773312	4.664052	0.011828	1.9
167	-0.213824	14.773312	4.533674	0.009062	1.8
168	-0.235520	14.688595	4.544436	0.006625	1.9
169	-0.241955	15.442852	4.450380	0.006670	2.2
170	-0.240665	14.521866	4.565767	0.005232	1.8
171	-0.217014	14.905426	4.516993	0.006437	1.8
172	-0.248547	14.064320	4.625344	0.010373	1.9
173	-0.219282	13.314154	4.726462	0.006031	1.8
174	-0.234183	14.226262	4.604081	0.008263	1.9
175	-0.201898	13.484902	4.703060	0.005362	1.8
176	-0.229759	14.085651	4.622532	0.008003	1.8
177	-0.241606	14.849887	4.523991	0.003510	1.8
178	-0.194205	15.764356	4.411462	0.004997	1.9
179	-0.216969	16.429932	4.333017	0.007582	1.8
180	-0.245512	16.532232	4.321207	0.006131	1.8
181	-0.242939	15.816423	4.405223	0.010651	1.8
182	-0.198677	16.815925	4.288790	0.015168	1.9
183	-0.248411	17.815925	4.178299	0.010993	1.9
184	-0.222247	18.815925	4.073359	0.002511	1.8
185	-0.221762	19.710031	3.983897	0.007796	1.7
186	-0.205401	20.486312	3.909351	0.005063	1.9
187	-0.227964	19.567129	3.997930	0.015986	1.9
188	-0.252230	20.555012	3.902888	0.004127	1.8
189	-0.223018	19.912103	3.964219	0.006162	1.9
190	-0.213126	20.516719	3.906488	0.006098	1.9
191	-0.228595	21.434860	3.821965	0.003973	1.9
192	-0.219478	20.749747	3.884683	0.011528	1.8
193	-0.224739	20.748894	3.884763	0.009116	1.8
194	-0.243291	21.748892	3.793889	0.012218	1.8
195	-0.222042	22.748307	3.707219	0.009351	1.8
196	-0.242062	21.822084	3.787404	0.027157	1.9
197	-0.238714	22.822084	3.700978	0.005746	1.7
198	-0.215485	21.895861	3.780890	0.012086	1.9
199	-0.163904	22.895773	3.694765	0.005685	1.8
200	-0.200370	23.895628	3.612480	0.006490	1.8
201	-0.191058	24.881993	3.534819	0.003572	1.8
202	-0.201510	24.115192	3.594899	0.004567	1.8
203	-0.202343	24.236091	3.585291	0.010406	1.8
204	-0.211669	24.917393	3.532094	0.003822	2.2
205	-0.224680	25.892362	3.458656	0.006162	1.9
206	-0.230159	25.404644	3.495007	0.002367	2.1
207	-0.216043	25.419046	3.493923	0.010082	2.0
208	-0.200768	24.963541	3.528548	0.007765	1.8
209	-0.257551	25.955516	3.454004	0.003244	1.8
210	-0.230177	25.408227	3.494737	0.007500	1.8
211	-0.200952	24.859416	3.536559	0.003167	1.7
212	-0.216036	25.402989	3.495132	0.010731	2.1
213	-0.252816	25.388390	3.496232	0.022316	1.8
214	-0.199076	24.462167	3.567462	0.008386	1.8
215	-0.218081	23.535945	3.641655	0.006360	1.7
216	-0.182248	22.611943	3.718810	0.004320	1.8
217	-0.216528	23.225732	3.667199	0.019593	1.8
218	-0.229973	22.299525	3.745643	0.008558	2.0
219	-0.199340	21.373302	3.827517	0.007347	1.9
220	-0.217095	20.447358	3.913025	0.003775	2.1
221	-0.233626	20.166414	3.939730	0.014378	1.8
222	-0.205717	20.970670	3.864235	0.014050	1.8
223	-0.222678	21.970670	3.774308	0.007133	1.8
224	-0.213364	22.970637	3.688474	0.008839	1.8
225	-0.217548	23.967311	3.606721	0.003374	2.2
226	-0.224818	24.760379	3.544213	0.020510	1.9
227	-0.222078	24.281862	3.581667	0.007860	1.8
228	-0.224926	23.355639	3.656458	0.003989	1.8
229	-0.216210	22.685837	3.712520	0.006463	1.8
230	-0.278792	23.066899	3.680417	0.006663	1.8
231	-0.222525	23.897194	3.612354	0.007123	1.9
232	-0.233367	23.138958	3.674408	0.008659	1.9
233	-0.217027	24.135719	3.593264	0.007728	1.8
234	-0.240302	23.209705	3.668528	0.012088	1.8
235	-0.220787	22.284377	3.746954	0.001978	2.5
236	-0.200637	22.794412	3.703316	0.005994	1.8
237	-0.231198	23.083085	3.679065	0.007770	2.0
238	-0.215001	23.924901	3.610126	0.011448	1.8
239	-0.219358	23.715586	3.627025	0.002147	1.8
240	-0.211362	24.552632	3.560377	0.012718	1.8
241	-0.249667	24.412296	3.571380	0.003957	1.8
242	-0.232500	23.674490	3.630362	0.004178	1.8
243	-0.259849	22.950814	3.690138	0.011604	1.8
244	-0.208686	23.898253	3.612269	0.009233	1.8
245	-0.201530	24.898251	3.533567	0.003691	1.8
246	-0.236228	25.832375	3.463086	0.016393	1.7
247	-0.216202	24.906703	3.532917	0.011240	1.8
248	-0.209151	25.906703	3.457599	0.005745	1.7
249	-0.221786	25.012029	3.524829	0.011446	1.8
250	-0.263545	26.011771	3.449871	0.006754	1.8
251	-0.205304	25.096833	3.518345	0.005875	1.8
252	-0.262881	26.054952	3.446705	0.006728	1.9
253	-0.252280	26.893522	3.386357	0.012834	1.8
254	-0.223131	27.766154	3.325761	0.009896	1.8
255	-0.266258	26.839931	3.390150	0.012323	1.8
256	-0.260765	27.839931	3.320737	0.004910	1.7
257	-0.226396	28.839206	3.254156	0.006742	2.1
258	-0.224071	27.937032	3.314148	0.003591	1.9
259	-0.197100	27.101407	3.371722	0.012108	1.8
260	-0.219532	28.089860	3.303830	0.006353	1.8
261	-0.256089	27.164693	3.367291	0.016926	1.9
262	-0.241687	26.949928	3.382373	0.006358	1.9
263	-0.179161	27.949912	3.313276	0.007049	3.2
264	-0.242880	28.880756	3.251445	0.004972	3.2
265	-0.226906	29.430803	3.215982	0.007718	2.1
266	-0.253082	30.407143	3.154903	0.006565	1.9
267	-0.211675	31.405314	3.094811	0.009385	1.9
268	-0.240201	30.486420	3.150045	0.007353	1.7
269	-0.255836	29.563935	3.207514	0.009631	1.9
270	-0.209191	29.526739	3.209876	0.007682	2.0
271	-0.235903	30.526579	3.147590	0.002251	2.3
272	-0.210750	31.257405	3.103571	0.006581	1.8
273	-0.230382	30.720793	3.135771	0.004738	1.9
274	-0.205081	31.693319	3.077896	0.007796	1.8
275	-0.234530	32.643540	3.023375	0.008371	1.8
276	-0.231278	31.718798	3.076408	0.008525	1.8
277	-0.187275	30.866106	3.126985	0.006629	1.8
278	-0.240810	29.947741	3.183351	0.013643	1.8
279	-0.201643	29.021558	3.242293	0.004799	1.8
280	-0.238361	29.309566	3.223732	0.005163	1.8
281	-0.176393	29.869477	3.188249	0.006877	2.0
282	-0.232986	29.459026	3.214183	0.003311	1.8
283	-0.223001	28.776912	3.258228	0.007143	1.8
284	-0.223937	29.649268	3.202110	0.008031	2.2
285	-0.226843	30.595870	3.143363	0.014016	1.9
286	-0.202921	29.669872	3.200808	0.004289	1.8
287	-0.244110	30.668475	3.138946	0.006753	1.8
288	-0.227720	31.563584	3.085493	0.010070	1.9
289	-0.215884	30.638964	3.140740	0.006402	1.8
290	-0.269751	31.628227	3.081703	0.012639	1.9
291	-0.193798	32.628116	3.024245	0.005000	1.8
292	-0.241806	31.702604	3.077354	0.002211	1.8
293	-0.205321	31.125559	3.111421	0.005998	1.8
294	-0.241886	30.579185	3.144380	0.011097	1.8
295	-0.189015	31.578640	3.084609	0.005869	1.8
296	-0.227053	32.572348	3.027393	0.005533	1.8
297	-0.222566	33.520314	2.974755	0.007897	1.8
298	-0.250564	32.653395	3.022820	0.004801	1.8
299	-0.208746	32.851365	3.011707	0.008986	1.7
300	-0.207077	33.698381	2.965070	0.007681	1.8
301	-0.235886	34.664826	2.913591	0.011311	1.8
302	-0.205823	33.738998	2.962870	0.005942	1.9
303	-0.235292	34.737828	2.909775	0.005962	1.8
304	-0.262741	34.982029	2.897082	0.002473	1.8
305	-0.258570	34.787996	2.907159	0.008788	1.8
306	-0.228309	34.195272	2.938378	0.013707	1.8
307	-0.243530	33.269049	2.988528	0.009937	1.8
308	-0.190235	32.342826	3.040419	0.004947	1.9
309	-0.221046	32.505341	3.031184	0.004525	1.7
310	-0.198021	32.636859	3.023752	0.011974	1.8
311	-0.240535	31.798536	3.071762	0.011670	1.7
312	-0.231248	32.798536	3.014665	0.012321	1.9
313	-0.238913	31.872322	3.067475	0.013322	1.9
314	-0.229832	31.048382	3.116034	0.008223	1.9
315	-0.277286	30.134176	3.171745	0.007087	1.8
316	-0.254037	31.128795	3.111228	0.005911	1.8
317	-0.230385	32.102284	3.054192	0.019760	1.7
318	-0.255302	31.176062	3.108409	0.004333	2.6
319	-0.230599	30.484110	3.150187	0.008909	5.0
320	-0.243872	30.686712	3.137838	0.007154	4.4
321	-0.238862	29.760687	3.195082	0.004721	3.2
322	-0.232990	28.893379	3.250623	0.003517	3.5
323	-0.242644	29.250448	3.227525	0.019361	3.5
324	-0.228326	28.451820	3.279648	0.007934	3.2
325	-0.204031	29.451820	3.214642	0.002739	3.9
326	-0.228740	29.679637	3.200192	0.012317	3.9
327	-0.208055	30.033355	3.178011	0.010832	5.6
328	-0.212417	31.033355	3.116934	0.006691	3.5
329	-0.266979	31.001930	3.118818	0.006481	3.7
330	-0.204544	30.382307	3.156428	0.007386	4.0
331	-0.265637	31.376563	3.096510	0.010513	3.5
332	-0.248782	32.371922	3.038762	0.006427	3.7
333	-0.222797	31.449856	3.092183	0.004692	3.1
334	-0.205168	32.325537	3.041405	0.002998	1.8
335	-0.209260	32.541488	3.029138	0.004870	1.8
336	-0.236659	31.841969	3.069237	0.005110	1.9
337	-0.217844	31.302272	3.100908	0.013667	1.9
338	-0.229025	30.377099	3.156748	0.005214	1.9
339	-0.246219	31.376869	3.096492	0.002924	1.8
340	-0.235678	31.764205	3.073761	0.004772	1.8
341	-0.215136	32.061974	3.056512	0.005191	1.8
342	-0.217709	31.903277	3.065681	0.022910	1.8
343	-0.228488	32.903276	3.008807	0.003125	1.8
344	-0.195198	33.899264	2.954221	0.006472	1.8
345	-0.230621	33.180495	2.993412	0.004006	1.9
346	-0.235307	32.449402	3.034357	0.011521	1.9
347	-0.217983	31.552197	3.086161	0.007396	1.9
348	-0.234856	32.552136	3.028536	0.003090	1.9
349	-0.219418	32.048771	3.057273	0.005694	2.0
350	-0.203227	32.775893	3.015934	0.006385	1.9
351	-0.237809	31.875100	3.067314	0.007855	1.8
352	-0.215194	32.825713	3.013143	0.006488	1.8
353	-0.195260	33.537233	2.973832	0.009065	1.7
354	-0.210029	32.967813	3.005209	0.016620	1.8
355	-0.238714	32.041590	3.057686	0.003075	1.8
356	-0.266020	31.116658	3.111952	0.009127	2.2
357	-0.241070	30.236586	3.165405	0.013670	1.8
358	-0.253815	31.236586	3.104808	0.007188	1.8
359	-0.196054	32.236550	3.046489	0.005187	1.8
360	-0.212476	32.915324	3.008135	0.007656	1.8
361	-0.207569	33.829935	2.957956	0.006032	1.8
362	-0.248370	34.816466	2.905676	0.007216	1.8
363	-0.213031	35.802194	2.855252	0.009643	1.7
364	-0.203540	36.788072	2.806540	0.002754	1.8
365	-0.228407	36.438394	2.823626	0.008025	1.9
366	-0.227711	36.752579	2.808265	0.005462	1.8
367	-0.215340	35.832155	2.853746	0.005319	1.7
368	-0.236934	36.489928	2.821095	0.002987	1.8
369	-0.236421	36.909669	2.800647	0.025038	1.8
370	-0.231828	37.908801	2.753146	0.011094	1.8
371	-0.206329	38.908795	2.707191	0.014081	2.0
372	-0.239071	38.894421	2.707841	0.001963	1.8
373	-0.233453	39.769176	2.668862	0.006291	1.8
374	-0.230695	39.619651	2.675445	0.015382	1.8
375	-0.195877	40.618127	2.632092	0.004104	2.5
376	-0.263254	39.692119	2.672251	0.002764	2.1
377	-0.240532	39.767104	2.668953	0.009592	2.1
378	-0.234770	39.644674	2.674341	0.005945	2.0
379	-0.209291	39.583099	2.677059	0.004649	1.8
380	-0.216572	38.760627	2.713903	0.002586	1.9
381	-0.181916	38.613185	2.720615	0.005585	2.0
382	-0.201614	37.969884	2.750295	0.009125	1.9
383	-0.195877	38.966250	2.704597	0.009681	1.9
384	-0.214016	38.040271	2.747016	0.010799	1.9
385	-0.230090	37.215455	2.785936	0.003319	2.3
386	-0.242406	36.376615	2.826666	0.012633	1.9
387	-0.227740	35.464806	2.872312	0.010465	1.9
388	-0.236644	34.538583	2.920214	0.008839	1.8
389	-0.220894	33.612373	2.969740	0.015502	2.0
390	-0.276526	34.612372	2.916339	0.003570	1.9
391	-0.215922	35.263425	2.882593	0.007105	1.8
392	-0.227250	34.694607	2.912033	0.011661	1.8
393	-0.258018	33.769223	2.961235	0.009345	1.8
394	-0.239132	34.769223	2.908137	0.005900	1.8
395	-0.225227	34.745547	2.909372	0.005733	2.0
396	-0.280417	35.272700	2.882118	0.008643	1.8
397	-0.234064	36.257037	2.832570	0.001784	1.8
398	-0.214612	36.601804	2.815616	0.010009	1.8
399	-0.232127	36.307222	2.830089	0.015552	2.0
400	-0.232165	35.381020	2.876581	0.013369	1.8
401	-0.235732	34.454797	2.924626	0.003656	1.8
402	-0.224802	35.450140	2.873058	0.010121	1.8
403	-0.209160	34.544835	2.919885	0.007956	1.8
404	-0.229781	35.479852	2.871547	0.008363	1.8
405	-0.244040	36.479218	2.821621	0.007050	1.7
406	-0.216120	37.469490	2.773832	0.015201	1.8
407	-0.217686	38.469486	2.727189	0.006518	1.8
408	-0.221162	37.577256	2.768729	0.012820	2.0
409	-0.255085	36.671961	2.812191	0.005600	2.3
410	-0.248454	37.670533	2.764327	0.011419	2.0
411	-0.222322	36.902297	2.801004	0.009198	1.9
412	-0.209706	36.058301	2.842436	0.011321	2.0
413	-0.237163	35.132088	2.889338	0.006468	1.9
414	-0.227293	34.210871	2.937547	0.008397	2.0
415	-0.220983	33.286306	2.987578	0.007065	1.8
416	-0.245024	32.886224	3.009759	0.007758	1.9
417	-0.219214	33.884209	2.955031	0.007875	1.8
418	-0.236539	32.959024	3.005698	0.004642	1.8
419	-0.249399	33.044681	3.000935	0.007058	1.8
420	-0.246206	32.219967	3.047438	0.013886	1.8
421	-0.241792	31.295267	3.101324	0.015374	1.9
422	-0.235326	30.369044	3.157243	0.007104	2.9
423	-0.262141	29.444734	3.215094	0.007339	1.8
424	-0.247942	30.406269	3.154957	0.011644	1.9
425	-0.232449	29.854624	3.189180	0.016978	1.8
426	-0.232790	28.928401	3.248343	0.007727	1.8
427	-0.232500	28.002178	3.309742	0.005608	1.8
428	-0.215718	28.993102	3.244139	0.005453	1.8
429	-0.216940	28.830793	3.254705	0.010221	1.7
430	-0.221709	27.955478	3.312899	0.005681	1.8
431	-0.211498	28.953972	3.246680	0.006378	1.8
432	-0.217263	29.485017	3.212528	0.012913	1.8
433	-0.215503	28.642956	3.267020	0.008831	1.7
434	-0.208370	27.716734	3.329134	0.006349	1.8
435	-0.241677	28.709249	3.262663	0.010785	1.8
436	-0.206271	28.402232	3.282940	0.005267	1.9
437	-0.193065	27.478176	3.345517	0.004212	1.8
438	-0.213549	26.893475	3.386360	0.002983	1.8
439	-0.232432	27.403180	3.350700	0.003983	2.0
440	-0.207444	27.800313	3.323433	0.002897	2.0
441	-0.237398	27.562390	3.339715	0.009645	1.9
442	-0.227677	26.911574	3.385081	0.014860	2.0
443	-0.217953	25.985351	3.451811	0.023946	1.8
444	-0.217246	26.985351	3.379876	0.005881	1.8
445	-0.286455	26.059128	3.446399	0.018268	1.8
446	-0.202484	25.132913	3.515593	0.010381	1.8
447	-0.225072	26.132913	3.441004	0.008012	2.0
448	-0.230251	25.206710	3.509978	0.007725	1.8
449	-0.227594	26.179819	3.437583	0.007099	1.8
450	-0.246443	25.262686	3.505731	0.004097	2.0
451	-0.272108	24.805136	3.540750	0.006879	1.8
452	-0.208834	25.437925	3.492502	0.008728	1.9
453	-0.252419	26.428885	3.419531	0.010427	1.9
454	-0.230989	27.428496	3.348949	0.005247	1.8
455	-0.251924	26.503425	3.414165	0.004591	1.8
456	-0.232246	27.382986	3.352099	0.010421	1.8
457	-0.219205	28.368537	3.285180	0.003075	1.8
458	-0.242158	27.858622	3.319466	0.015791	1.8
459	-0.208927	27.867506	3.318863	0.017659	1.8
460	-0.237340	28.867506	3.252309	0.018325	1.8
461	-0.213880	27.941283	3.313860	0.007779	1.9
462	-0.229931	28.884386	3.251209	0.008914	1.8
463	-0.212440	28.260205	3.292405	0.007669	1.7
464	-0.202537	27.336668	3.355311	0.006959	1.8
465	-0.200670	28.256452	3.292656	0.004867	2.1
466	-0.222665	29.182409	3.231900	0.006983	1.8
467	-0.236935	28.348779	3.286496	0.007905	1.9
468	-0.233742	27.437316	3.348339	0.003107	1.8
469	-0.217156	28.077534	3.304660	0.013706	1.8
470	-0.263850	27.454463	3.347154	0.011965	1.8
471	-0.196782	28.454463	3.279472	0.015859	1.9
472	-0.213071	29.454463	3.214474	0.002411	2.1
473	-0.249474	29.321509	3.222967	0.020010	1.9
474	-0.220871	30.042624	3.177434	0.011771	2.1
475	-0.210483	29.116401	3.236157	0.006691	1.9
476	-0.228620	30.075484	3.175389	0.011989	1.9
477	-0.236210	30.938762	3.122611	0.010370	2.0
478	-0.221515	30.014407	3.179191	0.005735	1.8
479	-0.236686	30.456434	3.151881	0.008693	1.8
480	-0.227412	31.389923	3.095720	0.006936	1.8
481	-0.200967	32.389382	3.037768	0.008326	1.8
482	-0.220931	31.469614	3.091019	0.011522	1.8
483	-0.201345	32.469397	3.033222	0.006113	1.9
484	-0.224215	33.469242	2.977544	0.008987	1.8
485	-0.217069	32.845030	3.012062	0.007105	1.8
486	-0.242561	32.034893	3.058073	0.012114	1.8
487	-0.235497	31.108740	3.112425	0.007770	1.8
488	-0.261173	30.182533	3.168748	0.005840	1.8
489	-0.250963	30.971877	3.120621	0.008670	1.7
490	-0.241750	31.868341	3.067706	0.006450	1.8
491	-0.241731	32.824343	3.013219	0.015820	1.8
492	-0.218733	31.898381	3.065964	0.004994	1.8
493	-0.242340	30.972356	3.120593	0.006820	1.8
494	-0.210429	31.006315	3.118555	0.009542	1.9
495	-0.223512	30.088907	3.174555	0.004567	2.1
496	-0.212222	29.428390	3.216136	0.005107	1.8
497	-0.208226	29.392726	3.218412	0.009925	2.1
498	-0.241276	30.386533	3.156168	0.004635	1.8
499	-0.233677	31.227830	3.105328	0.010174	1.8
500	-0.250055	32.117282	3.053329	0.009130	1.8
501	-0.218652	33.116908	2.996929	0.004575	3.8
502	-0.216929	32.528192	3.029890	0.009011	2.6
503	-0.235596	32.143980	3.051795	0.004927	1.8
504	-0.240170	32.698121	3.020302	0.008570	1.9
505	-0.269191	31.818462	3.070603	0.004310	1.8
506	-0.217028	31.007975	3.118455	0.010472	1.8
507	-0.254262	31.961411	3.062316	0.002599	1.9
508	-0.198726	31.997401	3.060236	0.012007	2.0
509	-0.198602	31.951542	3.062886	0.010441	1.8
510	-0.231867	31.025320	3.117416	0.013883	1.8
511	-0.237526	32.025320	3.058625	0.009165	1.8
512	-0.241156	32.914145	3.008200	0.003885	1.9
513	-0.258957	32.184824	3.049452	0.009791	1.8
514	-0.253756	31.344130	3.098429	0.004208	1.8
515	-0.256042	32.293416	3.043238	0.004651	1.7
516	-0.215450	31.597435	3.083507	0.001078	1.8
517	-0.257294	31.622088	3.082062	0.011120	1.7
518	-0.249767	31.908847	3.065358	0.005690	1.8
519	-0.206922	31.046215	3.116164	0.013626	1.8
520	-0.201351	30.133112	3.171811	0.006195	1.7
521	-0.254314	31.127793	3.111288	0.014944	1.7
522	-0.255620	30.201694	3.167562	0.003571	1.9
523	-0.230208	31.194490	3.107312	0.012601	2.0
524	-0.240118	30.327883	3.159775	0.006673	1.9
525	-0.207172	31.323424	3.099655	0.003017	2.3
526	-0.204089	31.225968	3.105439	0.013758	1.8
527	-0.220054	30.410437	3.154701	0.010163	1.8
528	-0.224051	29.484214	3.212579	0.009299	1.8
529	-0.217715	30.484210	3.150180	0.009327	1.8
530	-0.229132	29.558015	3.207890	0.006434	1.8
531	-0.235268	28.632177	3.267730	0.005256	1.7
532	-0.185329	28.669792	3.265255	0.012290	1.7
533	-0.199768	28.366974	3.285284	0.006651	1.8
534	-0.245282	29.351796	3.221028	0.005912	1.9
535	-0.194420	28.462265	3.278955	0.002402	1.9
536	-0.243661	28.422266	3.281609	0.003619	1.9
537	-0.222613	28.137337	3.300638	0.003115	2.0
538	-0.179386	28.446074	3.280029	0.011601	2.0
539	-0.257237	28.231727	3.294310	0.006437	1.9
540	-0.233167	29.231528	3.228740	0.011448	1.8
541	-0.217340	28.305345	3.289391	0.004028	1.8
542	-0.237477	27.446354	3.347714	0.019252	2.1
543	-0.212930	26.536916	3.411760	0.017050	1.9
544	-0.228014	27.536916	3.341468	0.004468	1.9
545	-0.198522	28.458480	3.279206	0.006431	1.8
546	-0.210227	29.293034	3.224792	0.004837	1.8
547	-0.256150	29.693852	3.199294	0.022608	1.8
548	-0.195306	30.655300	3.139747	0.004550	1.8
549	-0.239417	31.407400	3.094688	0.007838	1.8
550	-0.253148	30.849641	3.127978	0.008751	1.8
551	-0.176477	31.793605	3.072049	0.005795	1.8
552	-0.203134	32.792166	3.015022	0.011817	3.2
553	-0.217033	31.883659	3.066818	0.003256	2.2
554	-0.209093	32.665420	3.022143	0.007555	1.8
555	-0.218765	32.455564	3.034007	0.009157	1.8
556	-0.226543	33.455404	2.978300	0.004281	1.9
557	-0.235158	33.767118	2.961349	0.008952	1.9
558	-0.257216	33.296617	2.987010	0.006283	2.2
559	-0.245453	33.689944	2.965528	0.003841	2.3
560	-0.198836	34.410017	2.926990	0.006684	2.9
561	-0.186658	35.154656	2.888176	0.005710	2.6
562	-0.237769	34.344092	2.930476	0.006144	3.3
563	-0.263086	33.670156	2.966601	0.006627	3.0
564	-0.243405	32.795850	3.014815	0.013446	2.2
565	-0.209474	31.869878	3.067617	0.014399	2.9
566	-0.222374	32.869878	3.010672	0.009225	2.4
567	-0.205340	33.869877	2.955803	0.002450	3.1
568	-0.188107	33.393150	2.981709	0.005160	2.1
569	-0.215728	33.210788	2.991739	0.007262	1.9
570	-0.225923	32.346598	3.040204	0.009227	1.9
571	-0.214138	33.345942	2.984299	0.010948	1.8
572	-0.237863	34.300239	2.932800	0.002361	2.0
573	-0.230279	33.651846	2.967595	0.006452	1.8
574	-0.235850	33.020153	3.002297	0.013409	1.9
575	-0.201917	32.093943	3.054671	0.001632	1.8
576	-0.222225	31.645468	3.080693	0.003724	1.7
577	-0.216240	31.553990	3.086056	0.006635	1.8
578	-0.255866	30.779729	3.132202	0.006238	1.8
579	-0.221217	31.771152	3.073356	0.004708	1.8
580	-0.232066	32.292398	3.043296	0.012248	2.1
581	-0.220958	31.430389	3.093331	0.004284	1.9
582	-0.223810	32.333058	3.040976	0.010728	3.2
583	-0.260502	33.155921	2.994770	0.019898	2.0
584	-0.245212	34.155921	2.940474	0.018178	2.3
585	-0.226522	35.155921	2.888111	0.004052	2.7
586	-0.224422	36.155827	2.837586	0.006266	2.0
587	-0.253061	36.965565	2.797947	0.017330	2.2
588	-0.215327	37.965525	2.750498	0.006793	2.0
589	-0.240540	38.965515	2.704630	0.005060	2.2
590	-0.246604	38.118256	2.743392	0.005603	1.9
591	-0.234097	38.149505	2.741943	0.018288	2.4
592	-0.222342	39.014133	2.702439	0.007037	1.9
593	-0.270328	40.014116	2.658148	0.014165	1.8
594	-0.210305	41.014079	2.615286	0.012108	2.0
595	-0.195419	42.014073	2.573783	0.005034	1.9
596	-0.263132	43.001458	2.534076	0.005799	1.8
597	-0.231296	42.101147	2.570231	0.017867	1.9
598	-0.240217	43.101045	2.530139	0.003213	9.0
599	-0.211682	42.441450	2.556445	0.004372	1.9
600	-0.258420	42.243722	2.564437	0.006647	1.8
601	-0.234350	42.488114	2.554566	0.009175	1.8
602	-0.236268	41.562991	2.592340	0.008419	1.8
603	-0.206470	41.916197	2.577787	0.003802	1.8
604	-0.283003	42.751901	2.543996	0.003001	1.8
605	-0.225160	42.369180	2.559360	0.005273	1.9
606	-0.239820	42.690235	2.546459	0.011494	1.8
607	-0.210938	41.764385	2.584022	0.003038	1.8
608	-0.214099	41.030856	2.614579	0.003731	1.8
609	-0.243514	41.453783	2.596873	0.009178	1.8
610	-0.260622	40.833322	2.622931	0.005085	1.8
611	-0.295904	41.691714	2.587017	0.004275	1.8
612	-0.228099	41.578663	2.591691	0.008788	1.8
613	-0.234079	42.249415	2.564206	0.004650	2.0
614	-0.206125	43.227774	2.525147	0.003005	1.9
615	-0.236049	42.687932	2.546551	0.008886	1.8
616	-0.215442	42.031259	2.573081	0.011026	1.8
617	-0.226135	42.983734	2.534778	0.004643	1.7
618	-0.242354	42.063444	2.571768	0.005485	1.9
619	-0.218448	41.505494	2.594725	0.015618	2.0
620	-0.235585	42.505478	2.553867	0.004480	1.8
621	-0.239760	41.580766	2.591604	0.005323	1.9
622	-0.242724	40.751160	2.626421	0.009264	1.8
623	-0.242476	41.741662	2.584958	0.003023	1.8
624	-0.246707	42.680868	2.546833	0.011409	1.8
625	-0.235643	42.263487	2.563636	0.011388	1.9
626	-0.203199	41.337264	2.601727	0.009797	1.8
627	-0.224200	40.411041	2.640967	0.020563	1.9
628	-0.230021	39.484818	2.681409	0.005687	1.9
629	-0.257928	39.343383	2.687694	0.009045	2.2
630	-0.221520	40.311517	2.645254	0.007749	3.2
631	-0.246921	41.301868	2.603205	0.005214	1.9
632	-0.238610	42.216243	2.565552	0.008473	2.2
633	-0.242336	43.200409	2.526223	0.007345	2.4
634	-0.212426	44.196553	2.487625	0.019734	2.0
635	-0.216579	43.270330	2.523475	0.006267	1.9
636	-0.198933	44.270330	2.484813	0.007215	1.9
637	-0.232412	45.264146	2.447546	0.007871	1.8
638	-0.227817	44.346477	2.481917	0.006072	1.7
639	-0.206065	45.326269	2.445254	0.009055	1.9
640	-0.228087	46.317135	2.409261	0.005732	1.9
641	-0.236454	45.393018	2.442795	0.004300	1.9
642	-0.219155	44.635259	2.470997	0.001449	1.8
643	-0.224845	44.599881	2.472330	0.008719	1.8
644	-0.216671	44.649654	2.470456	0.006365	1.8
645	-0.240154	44.684781	2.469134	0.002349	1.8
646	-0.255561	44.460918	2.477578	0.004194	1.8
647	-0.230019	44.872255	2.462107	0.010021	1.9
648	-0.259324	45.815870	2.427336	0.009666	1.8
649	-0.210205	44.889654	2.461457	0.005091	1.8
650	-0.235953	45.841655	2.426399	0.014853	1.8
651	-0.223904	46.841476	2.390640	0.005107	1.9
652	-0.182031	47.773358	2.358247	0.008845	1.8
653	-0.246297	47.229094	2.377059	0.012954	1.8
654	-0.211072	46.302884	2.409771	0.013109	1.8
655	-0.241904	47.302884	2.374491	0.012740	1.8
656	-0.232720	48.302884	2.340228	0.004905	2.0
657	-0.251148	48.661396	2.328184	0.018300	1.7
658	-0.208543	47.941044	2.352511	0.007923	1.8
659	-0.256020	48.941044	2.318875	0.011479	1.8
660	-0.240074	49.941020	2.286189	0.008490	1.8
661	-0.217204	49.014809	2.316432	0.004383	1.8
662	-0.237800	49.962980	2.285481	0.007047	1.8
663	-0.241006	49.080675	2.314255	0.012583	1.7
664	-0.204947	50.080626	2.281698	0.004749	1.9
665	-0.265661	51.045672	2.251135	0.007213	1.8
666	-0.232593	51.983906	2.222196	0.008293	1.8
667	-0.238318	51.325581	2.242423	0.007936	1.8
668	-0.260382	52.074005	2.219456	0.014632	1.8
669	-0.269888	51.165455	2.247399	0.016270	1.8
670	-0.232356	52.165455	2.216682	0.003847	1.7
671	-0.230795	52.804335	2.197494	0.010999	2.1
672	-0.248436	53.721816	2.170511	0.011916	1.8
673	-0.248156	52.795593	2.197754	0.010833	3.4
674	-0.224888	51.869370	2.225689	0.009822	2.3
675	-0.219688	50.943249	2.254340	0.004008	1.8
676	-0.213771	50.116442	2.280549	0.003012	2.1
677	-0.242341	50.248268	2.276330	0.005262	1.9
678	-0.203733	50.926508	2.254865	0.016571	1.8
679	-0.211316	51.916441	2.224252	0.004402	2.2
680	-0.243930	51.772198	2.228661	0.004148	1.9
681	-0.233472	52.418901	2.209030	0.006168	1.8
682	-0.218587	51.779977	2.228423	0.006694	1.8
683	-0.251811	50.913884	2.255261	0.017227	1.8
684	-0.198981	49.987669	2.284686	0.009587	1.7
685	-0.235590	50.567686	2.266170	0.026816	1.9
686	-0.235330	49.641463	2.295883	0.012626	1.9
687	-0.226778	50.641463	2.263836	0.010035	1.8
688	-0.211463	51.641457	2.232672	0.003951	1.8
689	-0.224954	50.740278	2.260718	0.005987	1.9
690	-0.212194	51.573310	2.234769	0.007017	1.8
691	-0.233486	52.568092	2.204550	0.004676	1.8
692	-0.221809	51.675304	2.231632	0.018834	1.8
693	-0.209590	50.749147	2.260439	0.010370	2.0
694	-0.250974	49.822925	2.290001	0.008044	1.9
695	-0.215847	48.897058	2.320334	0.012291	1.7
696	-0.239535	47.970906	2.351492	0.007822	1.8
697	-0.205170	48.970885	2.317886	0.002931	1.8
698	-0.235294	49.221537	2.309613	0.003580	2.0
699	-0.195123	49.538768	2.299226	0.005900	1.9
700	-0.190176	50.033468	2.283213	0.012213	1.8
701	-0.271729	49.141702	2.312241	0.004817	1.8
702	-0.193836	49.175157	2.311139	0.007334	1.8
703	-0.197368	49.546015	2.298990	0.011349	1.8
704	-0.198609	50.040016	2.283003	0.020044	1.8
705	-0.226367	49.113793	2.313162	0.008758	1.8
706	-0.251769	48.187570	2.344128	0.008299	1.8
707	-0.215136	49.187410	2.310736	0.007833	1.8
708	-0.217609	50.045396	2.282830	0.011076	1.8
709	-0.263531	51.045104	2.251153	0.010479	1.8
710	-0.231639	50.118984	2.280468	0.013409	1.8
711	-0.240416	51.118984	2.248847	0.004845	1.9
712	-0.209946	51.177665	2.247019	0.010304	1.8
713	-0.241006	50.843562	2.257468	0.009796	1.8
714	-0.211910	51.843559	2.226478	0.009693	1.7
715	-0.221822	50.917343	2.255152	0.007347	1.8
716	-0.246332	49.991238	2.284571	0.008184	1.8
717	-0.232205	49.078006	2.314343	0.006116	1.8
718	-0.245061	49.864547	2.288656	0.005159	1.8
719	-0.213002	50.217203	2.277323	0.006793	1.8
720	-0.215626	49.323170	2.306275	0.009192	1.9
721	-0.242437	50.321601	2.273989	0.003235	1.7
722	-0.235214	51.152721	2.247795	0.006017	2.0
723	-0.214368	51.147284	2.247965	0.014260	1.8
724	-0.259675	50.327562	2.273799	0.003264	1.7
725	-0.220941	49.602869	2.297138	0.005604	1.8
726	-0.222958	49.548600	2.298905	0.012263	1.8
727	-0.203659	48.622585	2.329482	0.010371	3.0
728	-0.253980	47.696368	2.360890	0.008382	3.4
729	-0.220262	46.770658	2.393138	0.003544	2.1
730	-0.281675	46.651085	2.397368	0.011205	1.8
731	-0.218646	47.625493	2.363328	0.007513	1.8
732	-0.221099	48.625476	2.329385	0.005225	1.8
733	-0.221456	49.573104	2.298107	0.002715	1.9
734	-0.216473	49.444948	2.302288	0.005030	1.8
735	-0.198751	49.492391	2.300738	0.011494	1.9
736	-0.203237	50.491213	2.268594	0.003322	1.9
737	-0.223586	49.952605	2.285815	0.007234	1.9
738	-0.225416	50.306973	2.274456	0.004590	1.8
739	-0.211316	50.885134	2.256163	0.004310	1.9
740	-0.219421	51.773566	2.228619	0.002697	1.9
741	-0.240136	51.275476	2.243978	0.006296	1.9
742	-0.198276	51.036364	2.251426	0.008224	1.7
743	-0.209503	50.259425	2.275973	0.021818	1.9
744	-0.264403	49.333202	2.305946	0.006985	1.9
745	-0.286835	50.333033	2.273625	0.006676	1.9
746	-0.232682	49.433750	2.302654	0.006669	2.0
747	-0.224989	48.513733	2.333130	0.004602	1.9
748	-0.231786	49.474400	2.301326	0.013584	2.1
749	-0.210980	50.470150	2.269263	0.005755	1.8
750	-0.212151	49.544080	2.299053	0.006949	1.9
751	-0.233482	48.640479	2.328883	0.011780	1.8
752	-0.199324	47.714467	2.360268	0.014110	1.9
753	-0.231419	46.788245	2.392517	0.004770	1.9
754	-0.214171	45.862493	2.425643	0.011140	1.8
755	-0.233336	46.861489	2.389935	0.006123	1.9
756	-0.195062	47.848187	2.355684	0.007737	1.7
757	-0.222580	48.820958	2.322863	0.003188	1.8
758	-0.272543	48.003137	2.350394	0.009343	1.9
759	-0.208264	47.112403	2.381131	0.006645	1.8
760	-0.205473	46.188755	2.413864	0.015352	1.8
761	-0.251272	45.262543	2.447605	0.014463	1.8
762	-0.234536	44.336320	2.482303	0.007256	1.8
763	-0.259460	43.410098	2.517999	0.004317	1.8
764	-0.245701	43.979214	2.495945	0.008740	1.8
765	-0.197165	44.438958	2.478410	0.009478	1.7
766	-0.212141	45.437842	2.441147	0.009469	2.0
767	-0.218047	46.435936	2.405017	0.014821	5.4
768	-0.198248	47.435872	2.369876	0.009544	2.1
769	-0.203385	46.509649	2.402391	0.007253	1.9
770	-0.197162	47.506529	2.367432	0.002538	2.0
771	-0.227006	47.978918	2.351219	0.004861	2.0
772	-0.249136	48.605930	2.330039	0.014833	1.8
773	-0.226323	47.764311	2.358557	0.012087	1.8
774	-0.220975	46.838088	2.390759	0.005026	1.9
775	-0.216948	47.779818	2.358025	0.012654	1.8
776	-0.224012	48.779305	2.324250	0.006412	2.3
777	-0.226512	47.853133	2.355514	0.002327	2.1
778	-0.225077	48.214350	2.343221	0.003195	1.8
779	-0.210950	48.016894	2.349925	0.007738	1.8
780	-0.248198	47.912902	2.353471	0.007428	1.8
781	-0.255994	48.892550	2.320484	0.004746	1.8
782	-0.229152	49.857307	2.288890	0.002182	1.8
783	-0.211609	50.377208	2.272218	0.003926	1.9
784	-0.232558	49.944171	2.286087	0.005156	1.9
785	-0.243409	49.599296	2.297254	0.004715	1.8
786	-0.209416	49.383759	2.304289	0.008438	1.9
787	-0.203972	48.652540	2.328480	0.017522	1.9
788	-0.219955	49.652540	2.295523	0.003929	1.8
789	-0.250483	50.644203	2.263750	0.014001	1.8
790	-0.210678	51.640865	2.232690	0.004389	1.9
791	-0.209009	52.638610	2.202439	0.015648	1.8
792	-0.217855	51.746008	2.229463	0.024725	1.8
793	-0.219239	52.746008	2.199232	0.007153	1.8
794	-0.209277	51.819785	2.227204	0.012231	2.1
795	-0.239456	50.903633	2.255582	0.008974	1.8
796	-0.211109	51.903633	2.224643	0.005005	2.0
797	-0.230391	51.228559	2.245435	0.005220	1.8
798	-0.229829	52.072830	2.219492	0.008609	1.9
799	-0.240642	52.883880	2.195128	0.003696	1.8
800	-0.244764	53.545052	2.175658	0.009292	1.9
801	-0.213277	52.641487	2.202353	0.005631	1.8
802	-0.237422	51.892221	2.224991	0.007413	1.9
803	-0.213421	52.808690	2.197364	0.005577	1.8
804	-0.220246	51.887446	2.225137	0.008976	1.8
805	-0.240205	52.843743	2.196321	0.006151	1.8
806	-0.213838	51.930971	2.223809	0.002722	1.9
807	-0.223439	52.176259	2.216355	0.005218	2.1
808	-0.245780	52.507181	2.206377	0.009955	2.0
809	-0.246416	53.495635	2.177101	0.014644	1.9
810	-0.195625	54.495634	2.148264	0.009365	1.9
811	-0.197383	55.495634	2.120180	0.009464	1.9
812	-0.234137	56.494114	2.092863	0.015656	1.9
813	-0.246155	57.494114	2.066200	0.005774	1.7
814	-0.227494	58.491245	2.040282	0.003384	1.8
815	-0.195834	58.518646	2.039579	0.004962	1.9
816	-0.239047	58.300763	2.045183	0.012301	1.8
817	-0.242602	57.482925	2.066495	0.011217	1.8
818	-0.279225	56.556702	2.091174	0.014750	1.8
819	-0.212971	57.556702	2.064554	0.011993	2.0
820	-0.235824	58.556702	2.038603	0.010820	1.8
821	-0.229748	59.556702	2.013297	0.007485	1.8
822	-0.234069	60.231776	1.996565	0.006590	1.8
823	-0.237725	61.226271	1.972418	0.008879	1.8
824	-0.214565	60.301780	1.994846	0.005861	1.8
825	-0.215204	61.300170	1.970647	0.004731	2.0
826	-0.256458	62.255453	1.948035	0.011241	1.9
827	-0.217026	61.336156	1.969785	0.008001	1.9
828	-0.203961	62.336149	1.946149	0.002862	1.8
829	-0.218648	62.488830	1.942590	0.011270	1.9
830	-0.234861	61.593079	1.963658	0.007042	1.8
831	-0.241614	60.677673	1.985666	0.002728	1.8
832	-0.224269	60.103813	1.999715	0.017455	1.8
833	-0.256338	59.221132	2.021719	0.008573	1.9
834	-0.243334	60.221132	1.996827	0.002947	1.9
835	-0.212703	61.030119	1.977134	0.007783	2.7
836	-0.236870	61.565865	1.964305	0.005399	1.9
837	-0.191667	62.551138	1.941141	0.002250	1.9
838	-0.244861	62.147297	1.950569	0.010012	1.8
839	-0.230588	61.717910	1.960694	0.007815	1.9
840	-0.238368	60.795530	1.982805	0.009184	1.8
841	-0.240135	59.983150	2.002695	0.004769	1.8
842	-0.226806	59.991171	2.002497	0.008851	1.8
843	-0.195374	60.949764	1.979073	0.009267	1.8
844	-0.211582	61.942674	1.955381	0.009533	1.8
845	-0.226048	61.016476	1.977463	0.006424	1.7
846	-0.256372	62.015904	1.953656	0.006584	1.9
847	-0.251063	61.795199	1.958864	0.008226	2.2
848	-0.223811	62.788969	1.935631	0.007288	1.9
849	-0.237632	63.662471	1.915660	0.012765	1.8
850	-0.208552	62.740207	1.936758	0.011407	1.7
851	-0.250982	63.740207	1.913903	0.005018	1.7
852	-0.231896	62.824680	1.934807	0.004764	1.8
853	-0.228714	62.090368	1.951906	0.011292	2.1
854	-0.261587	61.540695	1.964904	0.010266	1.8
855	-0.254036	62.531808	1.941590	0.003765	1.8
856	-0.219654	61.649277	1.962323	0.005114	1.9
857	-0.218521	60.987297	1.978167	0.004912	1.7
858	-0.265281	61.188694	1.973319	0.012979	1.8
859	-0.268830	62.090538	1.951902	0.004151	1.8
860	-0.223188	62.991824	1.930956	0.009885	1.7
861	-0.245700	63.910434	1.910066	0.005182	1.9
862	-0.244616	62.991246	1.930970	0.012507	1.8
863	-0.256887	62.293496	1.947145	0.006784	1.8
864	-0.207755	63.293475	1.924046	0.006259	1.8
865	-0.227083	64.130957	1.905118	0.009311	1.8
866	-0.228918	65.057892	1.884598	0.008523	1.8
867	-0.213148	64.131695	1.905102	0.011701	1.9
868	-0.226291	63.206013	1.926045	0.006804	1.9
869	-0.244291	64.053515	1.906853	0.011705	1.8
870	-0.226790	65.052310	1.884720	0.011331	1.8
871	-0.247761	64.710044	1.892247	0.008659	1.8
872	-0.221331	63.789034	1.912801	0.006465	1.8
873	-0.219819	64.241849	1.902640	0.005994	1.8
874	-0.197644	63.760209	1.913452	0.014206	1.8
875	-0.216401	62.834061	1.934590	0.006095	1.9
876	-0.221293	61.986936	1.954338	0.004094	1.8
877	-0.236937	62.930589	1.932365	0.010299	1.8
878	-0.209952	62.082608	1.952088	0.017496	1.9
879	-0.225735	61.156385	1.974096	0.004867	1.8
880	-0.212447	62.153333	1.950428	0.011978	1.8
881	-0.238885	61.255339	1.971721	0.007780	1.8
882	-0.251535	60.347965	1.993714	0.002677	1.9
883	-0.237750	61.196331	1.973136	0.016293	1.7
884	-0.238223	60.749892	1.983911	0.008797	1.8
885	-0.240380	61.749892	1.959937	0.004205	1.8
886	-0.202561	60.988064	1.978148	0.005814	1.7
887	-0.217643	60.586220	1.987891	0.002105	1.8
888	-0.242787	60.745382	1.984021	0.007429	2.1
889	-0.240145	61.410118	1.968017	0.014333	2.1
890	-0.246764	60.501327	1.989962	0.007836	2.2
891	-0.253074	61.501298	1.965842	0.013552	1.8
892	-0.222332	60.575076	1.988163	0.008180	1.9
893	-0.240617	61.575062	1.964086	0.010460	1.9
894	-0.229578	62.574953	1.940588	0.009855	1.8
895	-0.217999	61.648732	1.962336	0.006810	1.8
896	-0.240818	60.722585	1.984574	0.009853	1.8
897	-0.253089	61.722488	1.960586	0.008909	1.8
898	-0.213812	60.796287	1.982786	0.007253	1.9
899	-0.242172	59.871937	2.005449	0.008395	1.8
900	-0.250015	60.809704	1.982461	0.006063	2.0
901	-0.216549	60.393578	1.992596	0.005590	2.7
902	-0.202493	61.118584	1.975004	0.009649	1.8
903	-0.212394	60.258297	1.995914	0.005881	1.8
904	-0.212169	59.333691	2.018886	0.017245	1.9
905	-0.210348	58.408205	2.042416	0.010720	1.8
906	-0.252589	59.408205	2.017015	0.009202	1.7
907	-0.223899	59.587661	2.012523	0.004835	1.7
908	-0.203998	60.560837	1.988510	0.011314	2.2
909	-0.267364	60.895311	1.980389	0.019232	1.8
910	-0.196144	61.895311	1.956498	0.011277	1.8
911	-0.250386	60.969088	1.978606	0.006804	1.8
912	-0.244454	61.968966	1.954762	0.006129	1.8
913	-0.226383	62.963847	1.931600	0.015158	1.8
914	-0.242984	63.963829	1.908866	0.006940	1.8
915	-0.197967	64.963826	1.886660	0.004883	1.8
916	-0.214742	65.898569	1.866366	0.007041	1.8
917	-0.209956	66.617804	1.851046	0.009306	1.8
918	-0.224095	66.431431	1.854991	0.011056	1.8
919	-0.235000	67.431430	1.834015	0.018629	2.2
920	-0.185425	66.505207	1.853427	0.008140	1.9
921	-0.186105	65.578984	1.873255	0.007919	1.8
922	-0.219449	66.558930	1.852290	0.007589	1.7
923	-0.245350	65.705137	1.870530	0.016429	1.9
924	-0.263159	66.705137	1.849202	0.011075	1.8
925	-0.207475	67.705137	1.828356	0.007727	1.7
926	-0.224206	66.778926	1.847648	0.008462	1.8
927	-0.233373	65.854128	1.867321	0.005494	1.8
928	-0.228298	65.110631	1.883444	0.011038	2.1
929	-0.249284	66.102565	1.861995	0.007602	1.9
930	-0.214675	67.102453	1.840863	0.004801	1.9
931	-0.229176	66.528879	1.852926	0.011779	1.8
932	-0.234907	65.603837	1.872718	0.002988	1.8
933	-0.217115	64.822854	1.889759	0.018948	1.7
934	-0.221652	65.794330	1.868608	0.002595	1.9
935	-0.249204	66.762912	1.847985	0.007245	2.1
936	-0.214520	67.376162	1.835162	0.003449	1.8
937	-0.219028	68.281165	1.816560	0.007348	1.8
938	-0.212111	69.209252	1.797870	0.004425	1.8
939	-0.255333	68.785901	1.806348	0.013611	1.9
940	-0.236879	67.865004	1.825067	0.005082	1.9
941	-0.240509	66.941634	1.844229	0.006033	1.8
942	-0.197610	67.911521	1.824112	0.005741	1.8
943	-0.227236	67.071271	1.841515	0.004613	1.9
944	-0.191437	67.217097	1.838471	0.006110	1.9
945	-0.205816	67.210548	1.838607	0.005293	1.8
946	-0.206460	66.449831	1.854601	0.006797	1.9
947	-0.205583	65.546800	1.873952	0.004289	1.8
948	-0.249977	64.647177	1.893636	0.008947	1.8
949	-0.259469	63.985626	1.908376	0.004630	1.8
950	-0.207920	64.898590	1.888093	0.013096	2.0
951	-0.211558	65.897645	1.866386	0.007649	1.8
952	-0.198910	66.897618	1.845153	0.007686	1.8
953	-0.264173	67.862500	1.825118	0.019671	1.8
954	-0.202931	68.862500	1.804808	0.005216	1.8
955	-0.217312	69.272036	1.796620	0.008221	1.8
956	-0.222499	70.200784	1.778324	0.006958	2.1
957	-0.220650	71.195254	1.759142	0.010402	1.9
958	-0.242200	71.090206	1.761149	0.009667	1.9
959	-0.260579	70.163995	1.779042	0.006161	1.7
960	-0.231261	69.268996	1.796681	0.004670	1.9
961	-0.251785	70.145511	1.779403	0.010069	1.9
962	-0.212976	71.137629	1.760242	0.006184	1.8
963	-0.281624	70.331049	1.775788	0.005693	1.9
964	-0.223587	69.505908	1.791978	0.011624	1.8
965	-0.233699	70.256212	1.777244	0.008186	1.8
966	-0.214316	69.329991	1.795467	0.005908	1.8
967	-0.221060	68.407583	1.813991	0.009664	1.8
968	-0.225821	67.484343	1.832918	0.006626	1.8
969	-0.205596	66.560132	1.852265	0.005867	1.8
970	-0.185635	67.527163	1.832031	0.008628	1.9
971	-0.212113	66.655124	1.850257	0.009983	1.8
972	-0.216061	65.728965	1.870016	0.016929	1.8
973	-0.197518	66.711907	1.849060	0.010612	1.8
974	-0.213984	66.951803	1.844016	0.004156	1.9
975	-0.233610	67.240955	1.837974	0.004311	1.8
976	-0.244351	67.726276	1.827920	0.002597	1.8
977	-0.210032	67.248323	1.837820	0.026777	1.8
978	-0.203616	66.383411	1.856011	0.003795	2.3
979	-0.191806	65.691806	1.870818	0.013049	3.6
980	-0.214482	65.369870	1.877791	0.006262	3.1
981	-0.220129	64.455481	1.897884	0.005985	1.8
982	-0.218712	63.550734	1.918192	0.006308	1.8
983	-0.245872	62.775386	1.935945	0.010614	1.8
984	-0.223716	62.986359	1.931082	0.007161	1.8
985	-0.208446	62.060177	1.952615	0.007399	1.8
986	-0.199817	62.128994	1.950999	0.006976	1.8
987	-0.279302	63.094166	1.928606	0.007073	1.8
988	-0.220685	64.061982	1.906663	0.007910	1.8
989	-0.228649	64.260708	1.902219	0.010169	1.8
990	-0.222228	65.259846	1.880186	0.008655	1.9
991	-0.245099	64.333682	1.900592	0.007310	2.0
992	-0.251111	64.842400	1.889329	0.009509	1.8
993	-0.223801	63.920191	1.909847	0.009422	1.8
994	-0.221016	63.011127	1.930513	0.009877	1.9
995	-0.257082	63.946889	1.909247	0.006433	1.8
996	-0.222023	63.340306	1.922978	0.010404	1.8
997	-0.230806	63.583709	1.917444	0.014312	1.8
998	-0.260852	62.657486	1.938673	0.026486	1.8
999	-0.199056	63.657486	1.915773	0.007912	1.8
1000	-0.258562	62.731263	1.936965	0.011413	1.9
1001	-0.219924	62.935356	1.932255	0.017094	1.8
1002	-0.218825	62.009133	1.953816	0.009887	1.9
1003	-0.216696	61.082910	1.975863	0.012450	1.8
1004	-0.204019	60.156688	1.998413	0.005826	2.1
1005	-0.221024	59.232693	2.021427	0.003809	1.8
1006	-0.271111	58.562344	2.038459	0.003886	1.8
1007	-0.259880	58.071491	2.051113	0.010675	1.8
1008	-0.218958	57.155617	2.075149	0.004310	1.8
1009	-0.232042	56.251763	2.099428	0.005671	1.8
1010	-0.250149	55.572308	2.118057	0.020370	1.8
1011	-0.201304	56.532343	2.091831	0.005565	1.9
1012	-0.220885	55.606122	2.117123	0.004905	1.8
1013	-0.231078	56.483497	2.093150	0.003136	1.8
1014	-0.211563	56.046946	2.105009	0.012710	1.7
1015	-0.229319	55.379919	2.123393	0.006180	1.8
1016	-0.214665	54.453948	2.149451	0.009159	1.7
1017	-0.250444	54.270905	2.154678	0.008729	1.8
1018	-0.223578	55.270863	2.126429	0.018918	1.7
1019	-0.242884	56.270816	2.098911	0.008966	1.7
1020	-0.216127	55.344593	2.124375	0.006843	1.8
1021	-0.228105	55.127446	2.130435	0.003369	1.9
1022	-0.225338	55.884462	2.109458	0.002047	1.8
1023	-0.244466	56.082057	2.104051	0.007228	1.8
1024	-0.246143	55.712866	2.114177	0.009998	1.8
1025	-0.236312	56.693878	2.087482	0.003791	1.8
1026	-0.201548	56.124271	2.102899	0.007581	1.8
1027	-0.213233	55.761076	2.112849	0.005622	1.8
1028	-0.188686	56.732472	2.086445	0.014062	1.7
1029	-0.218130	57.732281	2.059950	0.004767	1.8
1030	-0.273314	56.883807	2.082391	0.013270	1.9
1031	-0.223956	56.048136	2.104977	0.003660	1.8
1032	-0.218254	55.362384	2.123880	0.009867	1.8
1033	-0.225160	54.674000	2.143200	0.007803	1.8
1034	-0.223580	53.793452	2.168432	0.011817	1.8
1035	-0.237633	52.867927	2.195602	0.004282	1.8
1036	-0.235213	51.989944	2.222012	0.006096	1.8
1037	-0.195250	51.101699	2.249386	0.008179	2.0
1038	-0.238813	50.940488	2.254427	0.007552	1.9
1039	-0.235598	51.724150	2.230133	0.010705	1.8
1040	-0.244265	52.723352	2.199907	0.013455	1.8
1041	-0.225343	53.723352	2.170467	0.008616	1.8
1042	-0.231830	54.723347	2.141804	0.008920	2.9
1043	-0.228254	55.700809	2.114509	0.014786	2.7
1044	-0.223301	55.554339	2.118555	0.007334	1.9
1045	-0.216712	54.628120	2.144501	0.008442	3.5
1046	-0.231535	53.702455	2.171074	0.005415	1.9
1047	-0.243054	52.786120	2.198036	0.007751	1.9
1048	-0.234899	52.272722	2.213437	0.004934	1.8
1049	-0.229106	52.225234	2.214872	0.006165	1.8
1050	-0.211009	53.010740	2.191365	0.003858	2.0
1051	-0.236471	52.492471	2.206819	0.007389	1.9
1052	-0.258674	53.132238	2.187774	0.003381	1.8
1053	-0.233164	53.537691	2.175873	0.012078	1.8
1054	-0.225677	54.487006	2.148510	0.012210	6.4
1055	-0.193701	53.560783	2.175199	0.009503	1.8
1056	-0.229016	52.634560	2.202560	0.005285	1.8
1057	-0.242738	53.284702	2.183283	0.009966	1.8
1058	-0.224870	52.455371	2.207933	0.020509	1.8
1059	-0.226970	51.529213	2.236127	0.004263	2.0
1060	-0.231592	50.603001	2.265052	0.005899	2.7
1061	-0.222365	50.565733	2.266232	0.007839	3.0
1062	-0.218064	51.465521	2.238093	0.016241	2.6
1063	-0.218791	50.665004	2.263093	0.007947	2.9
1064	-0.213622	49.738793	2.292724	0.009267	3.2
1065	-0.214008	50.738652	2.260769	0.003494	3.6
1066	-0.261937	49.959347	2.285598	0.009019	2.5
1067	-0.237817	49.253228	2.308571	0.015264	2.7
1068	-0.217262	50.253228	2.276171	0.014854	2.8
1069	-0.243372	49.327005	2.306149	0.011446	1.8
1070	-0.230051	50.327005	2.273817	0.008936	1.8
1071	-0.269956	49.400782	2.303732	0.009911	2.0
1072	-0.215489	50.400739	2.271469	0.003307	1.8
1073	-0.248847	50.416507	2.270967	0.007673	1.8
1074	-0.242500	49.834589	2.289624	0.009650	1.8
1075	-0.227200	49.342886	2.305628	0.006453	1.8
1076	-0.234725	48.418571	2.336328	0.009030	1.8
1077	-0.240347	47.516746	2.367079	0.014307	1.8
1078	-0.209867	48.516745	2.333029	0.006957	1.9
1079	-0.214270	47.590527	2.364533	0.002992	1.7
1080	-0.228414	48.389509	2.337306	0.004696	2.6
1081	-0.246035	47.856126	2.355412	0.008060	2.2
1082	-0.201956	46.947372	2.386914	0.004356	3.5
1083	-0.192669	46.053204	2.418744	0.007810	3.3
1084	-0.226465	46.986183	2.385552	0.009028	3.2
1085	-0.216778	47.985986	2.350978	0.002896	2.2
1086	-0.219952	47.976029	2.351318	0.003402	2.4
1087	-0.240352	47.906536	2.353689	0.004227	2.1
1088	-0.204317	47.623668	2.363391	0.009613	2.1
1089	-0.251503	46.964757	2.386304	0.004413	1.8
1090	-0.238772	46.390327	2.406644	0.008372	1.9
1091	-0.195480	46.052363	2.418775	0.010670	1.9
1092	-0.196088	47.052317	2.383233	0.007242	1.8
1093	-0.218726	48.051848	2.348736	0.010155	1.8
1094	-0.211494	48.373313	2.337852	0.005798	2.2
1095	-0.254398	48.880286	2.320891	0.018880	1.9
1096	-0.241795	49.880276	2.288148	0.004867	1.9
1097	-0.233069	48.955066	2.318410	0.010337	2.0
1098	-0.249947	49.945389	2.286048	0.006039	1.8
1099	-0.234099	50.943648	2.254328	0.013055	1.9
1100	-0.214499	50.025558	2.283467	0.008545	1.8
1101	-0.214468	49.099338	2.313639	0.007679	1.8
1102	-0.234008	49.983518	2.284820	0.005807	2.0
1103	-0.232495	49.075915	2.314412	0.004352	2.0
1104	-0.223489	48.419768	2.336288	0.004865	1.9
1105	-0.219543	49.117054	2.313054	0.009048	2.0
1106	-0.260661	48.897527	2.320319	0.005756	1.9
1107	-0.199334	47.972334	2.351444	0.002340	2.0
1108	-0.219848	47.840192	2.355957	0.003897	2.0
1109	-0.219126	47.901607	2.353857	0.009037	1.9
1110	-0.227314	48.802566	2.323475	0.003713	1.9
1111	-0.222984	47.974797	2.351360	0.020314	1.9
1112	-0.207444	48.550661	2.331891	0.010104	2.0
1113	-0.249751	49.550661	2.298838	0.013140	2.0
1114	-0.208365	48.639560	2.328914	0.008075	3.0
1115	-0.261504	48.978644	2.317629	0.008150	2.0
1116	-0.252691	49.096539	2.313731	0.006769	2.1
1117	-0.243699	50.074491	2.281895	0.004441	2.0
1118	-0.231555	50.590979	2.265433	0.004373	1.9
1119	-0.188934	50.470074	2.269265	0.024679	1.9
1120	-0.229702	50.008488	2.284016	0.005663	1.9
1121	-0.228927	51.008485	2.252298	0.004447	1.8
1122	-0.233104	50.191257	2.278153	0.002485	1.9
1123	-0.213946	50.324745	2.273889	0.011390	1.9
1124	-0.239375	50.197082	2.277966	0.004284	1.8
1125	-0.258920	49.423219	2.302998	0.005460	2.2
1126	-0.218480	49.799263	2.290766	0.005427	2.0
1127	-0.213208	50.375115	2.272284	0.017156	1.9
1128	-0.222225	49.448951	2.302157	0.004284	2.0
1129	-0.276717	49.249976	2.308678	0.008343	1.9
1130	-0.225133	48.450496	2.335254	0.015235	2.0
1131	-0.224743	47.524281	2.366819	0.017049	1.8
1132	-0.197516	46.598058	2.399249	0.008978	2.0
1133	-0.245454	47.598058	2.364273	0.012569	2.1
1134	-0.213054	46.671835	2.396633	0.007928	2.1
1135	-0.232016	47.637710	2.362907	0.007025	3.1
1136	-0.221105	48.432222	2.335869	0.004509	2.4
1137	-0.231494	49.234597	2.309183	0.014846	2.3
1138	-0.250152	50.187465	2.278274	0.009515	2.0
1139	-0.267143	51.187465	2.246713	0.008467	1.9
1140	-0.196051	50.261253	2.275915	0.007341	1.8
1141	-0.220872	51.260854	2.244432	0.004582	1.8
1142	-0.247490	50.417760	2.270927	0.003742	1.8
1143	-0.215888	50.709033	2.261703	0.009621	1.8
1144	-0.201993	50.730495	2.261027	0.007731	2.0
1145	-0.267073	49.804665	2.290591	0.011288	1.9
1146	-0.267472	48.879432	2.320920	0.016926	1.8
1147	-0.207358	47.953209	2.352096	0.015241	1.8
1148	-0.228086	48.953209	2.318472	0.009016	1.9
1149	-0.228913	49.953203	2.285796	0.003197	3.0
1150	-0.214103	49.058980	2.314972	0.018992	2.1
1151	-0.178263	49.958773	2.285617	0.005229	2.1
1152	-0.193942	50.955606	2.253953	0.004519	2.3
1153	-0.230923	51.881025	2.225333	0.003832	2.1
1154	-0.228713	51.282702	2.243753	0.017361	2.2
1155	-0.220710	52.269644	2.213530	0.013392	2.0
1156	-0.226708	51.343421	2.241870	0.004467	2.0
1157	-0.221948	50.604574	2.265003	0.010498	1.9
1158	-0.246669	49.719972	2.293334	0.005725	1.9
1159	-0.205287	50.717408	2.261439	0.007093	2.0
1160	-0.237573	49.839066	2.289479	0.004132	2.5
1161	-0.215709	50.601125	2.265112	0.003068	2.1
1162	-0.237396	50.737213	2.260815	0.006823	1.8
1163	-0.246728	50.131340	2.280072	0.008828	1.8
1164	-0.232418	51.115337	2.248961	0.011026	1.9
1165	-0.241738	52.115174	2.218206	0.014357	1.8
1166	-0.221193	53.115174	2.188277	0.011099	1.8
1167	-0.220811	52.188951	2.215970	0.012995	2.1
1168	-0.207967	53.188951	2.186101	0.008420	1.9
1169	-0.215008	54.188854	2.157029	0.011048	1.8
1170	-0.183396	53.270772	2.183693	0.004687	1.8
1171	-0.287764	52.353951	2.210986	0.002707	1.8
1172	-0.220216	52.317188	2.212095	0.005230	2.3
1173	-0.217367	52.327907	2.211771	0.005249	2.7
1174	-0.229456	51.976932	2.222408	0.005632	1.8
1175	-0.207113	52.648463	2.202144	0.013239	2.0
1176	-0.222084	53.645859	2.172720	0.017977	1.9
1177	-0.229367	52.719636	2.200018	0.006916	1.9
1178	-0.227342	53.069928	2.189614	0.004881	1.8
1179	-0.205200	52.234651	2.214588	0.011316	1.8
1180	-0.218326	53.160705	2.186934	0.007309	1.9
1181	-0.202614	54.152291	2.158079	0.004087	1.8
1182	-0.249471	55.078195	2.131814	0.005389	1.9
1183	-0.190564	55.388110	2.123165	0.012067	1.8
1184	-0.224047	54.466670	2.149088	0.013294	1.8
1185	-0.212528	53.540447	2.175793	0.006047	2.0
1186	-0.219552	52.619603	2.203008	0.011225	1.9
1187	-0.211817	53.601080	2.174024	0.009272	1.8
1188	-0.232913	54.597775	2.145361	0.005963	1.8
1189	-0.250189	55.586123	2.117675	0.018685	1.8
1190	-0.220757	54.739392	2.141350	0.014966	1.7
1191	-0.205273	55.739392	2.113446	0.010129	1.8
1192	-0.239795	56.739392	2.086260	0.002212	1.8
1193	-0.225140	56.570607	2.090799	0.004794	1.8
1194	-0.233478	56.251736	2.099429	0.009285	1.9
1195	-0.229475	57.218431	2.073483	0.019723	1.8
1196	-0.231481	58.218431	2.047308	0.009591	1.9
1197	-0.227144	57.292262	2.071527	0.006899	1.8
1198	-0.244450	56.901178	2.081927	0.004272	1.8
1199	-0.254028	56.705349	2.087174	0.015967	1.8
1200	-0.234646	55.785681	2.112172	0.008207	1.8
1201	-0.219304	54.859458	2.137961	0.004663	1.7
1202	-0.243345	55.840947	2.110653	0.003868	1.8
1203	-0.208063	56.253641	2.099377	0.003677	1.7
1204	-0.231373	55.951713	2.107615	0.006316	1.8
1205	-0.213124	55.142392	2.130016	0.016239	1.8
1206	-0.249844	54.216807	2.156228	0.013826	1.8
1207	-0.231099	55.216807	2.127937	0.010690	1.8
1208	-0.218326	54.290591	2.154114	0.008956	1.8
1209	-0.218441	53.364437	2.180942	0.007057	1.9
1210	-0.228242	54.364222	2.152010	0.004069	2.0
1211	-0.235778	55.269302	2.126472	0.013644	1.9
1212	-0.195803	56.265004	2.099069	0.013582	1.8
1213	-0.227481	55.338781	2.124537	0.012784	1.7
1214	-0.240728	56.338781	2.097066	0.013394	1.8
1215	-0.232254	55.412558	2.122486	0.008748	3.8
1216	-0.211273	54.489505	2.148438	0.009166	2.6
1217	-0.227519	53.563360	2.175124	0.007344	1.8
1218	-0.242001	52.637436	2.202474	0.005899	1.8
1219	-0.217249	53.569170	2.174954	0.003458	1.8
1220	-0.189326	53.325801	2.182076	0.018578	1.8
1221	-0.222965	54.324928	2.153132	0.011760	1.8
1222	-0.231600	53.398705	2.179938	0.009595	1.8
1223	-0.217420	52.591798	2.203840	0.003330	1.8
1224	-0.236743	53.569031	2.174959	0.006085	1.8
1225	-0.224818	53.176165	2.186478	0.002371	1.8
1226	-0.239673	53.683766	2.171617	0.008551	1.8
1227	-0.230135	54.313589	2.153457	0.020724	1.8
1228	-0.246369	55.313589	2.125238	0.016322	1.8
1229	-0.250392	54.387366	2.151349	0.012572	1.9
1230	-0.232726	55.387366	2.123186	0.014014	1.9
1231	-0.185122	56.387366	2.095750	0.004797	1.8
1232	-0.244424	55.461268	2.121133	0.008305	1.8
1233	-0.198270	54.568061	2.146205	0.008151	1.8
1234	-0.206336	53.960363	2.163604	0.008579	1.8
1235	-0.233927	53.036437	2.190604	0.012919	1.8
1236	-0.232469	52.110216	2.218357	0.014113	2.0
1237	-0.231052	51.183993	2.246822	0.003546	1.8
1238	-0.178843	50.522639	2.267597	0.016846	1.8
1239	-0.245939	51.494554	2.237196	0.014385	1.7
1240	-0.226549	52.494554	2.206756	0.002123	1.8
1241	-0.269111	51.761936	2.228975	0.007987	1.8
1242	-0.232937	51.394197	2.240298	0.006528	1.8
1243	-0.216342	50.487442	2.268714	0.007634	1.9
1244	-0.235741	50.338843	2.273440	0.015892	1.9
1245	-0.233719	51.338842	2.242012	0.007698	1.8
1246	-0.228993	52.337407	2.211485	0.010038	1.8
1247	-0.232594	51.444610	2.238739	0.016836	1.9
1248	-0.236217	52.444610	2.208257	0.011821	1.8
1249	-0.249941	53.444610	2.178594	0.010198	1.9
1250	-0.252589	52.518398	2.206040	0.020969	1.8
1251	-0.211087	53.518398	2.176436	0.007956	1.9
1252	-0.249470	54.518389	2.147617	0.008300	1.8
1253	-0.180020	54.977952	2.134627	0.006954	1.8
1254	-0.230574	55.185204	2.128820	0.005818	1.8
1255	-0.224027	55.076009	2.131875	0.007995	1.8
1256	-0.234210	54.311489	2.153517	0.009926	1.8
1257	-0.235696	53.385607	2.180322	0.017214	2.0
1258	-0.235213	54.385607	2.151399	0.014511	1.8
1259	-0.212517	55.385607	2.123234	0.024423	1.8
1260	-0.255747	56.385607	2.095797	0.012206	1.8
1261	-0.238759	55.459385	2.121186	0.006651	1.8
1262	-0.254361	54.552866	2.146637	0.011434	1.8
1263	-0.192237	55.552749	2.118599	0.011263	1.8
1264	-0.209566	54.626527	2.144546	0.021294	1.8
1265	-0.222986	55.626527	2.116559	0.005203	1.8
1266	-0.204813	56.626526	2.089293	0.012610	1.8
1267	-0.224359	55.700725	2.114511	0.009686	1.8
1268	-0.241042	54.774502	2.140358	0.017815	1.8
1269	-0.244503	55.774502	2.112479	0.011164	1.8
1270	-0.250855	56.774502	2.085318	0.007544	1.8
1271	-0.237761	57.769513	2.058976	0.005840	1.8
1272	-0.238715	58.679828	2.035453	0.007507	1.8
1273	-0.252053	59.536363	2.013805	0.004444	1.8
1274	-0.246918	60.185280	1.997709	0.008821	1.8
1275	-0.211986	59.297235	2.019802	0.006792	1.8
1276	-0.223994	60.294971	1.995013	0.008833	2.0
1277	-0.206520	59.370309	2.017966	0.013550	1.8
1278	-0.229240	58.444091	2.041493	0.012023	1.8
1279	-0.226126	59.444091	2.016115	0.009405	1.8
1280	-0.209608	58.517872	2.039599	0.007445	1.7
1281	-0.194669	59.461308	2.015684	0.009143	1.8
1282	-0.243239	58.535602	2.039144	0.019057	1.8
1283	-0.218081	59.535602	2.013824	0.008168	1.8
1284	-0.184394	60.343186	1.993831	0.006678	1.8
1285	-0.217409	59.597127	2.012287	0.005171	1.8
1286	-0.199862	58.685941	2.035297	0.006878	1.8
1287	-0.236020	59.673493	2.010382	0.008107	1.9
1288	-0.227603	58.751068	2.033635	0.010232	1.9
1289	-0.204335	59.747956	2.008528	0.006309	2.2
1290	-0.218732	60.746943	1.983983	0.005594	1.9
1291	-0.248464	61.656806	1.962144	0.006593	1.9
1292	-0.263658	61.286785	1.970967	0.008752	1.7
1293	-0.212334	60.966247	1.978675	0.010876	1.9
1294	-0.217908	61.965908	1.954834	0.008116	1.8
1295	-0.241469	62.865011	1.933876	0.003017	1.9
1296	-0.188714	62.241915	1.948352	0.003499	1.8
1297	-0.242403	62.717739	1.937278	0.006667	1.8
1298	-0.229247	61.957977	1.955021	0.004793	1.8
1299	-0.248446	62.900771	1.933052	0.006231	1.9
1300	-0.219738	63.661868	1.915674	0.006226	1.8
1301	-0.203068	64.645737	1.893668	0.013153	1.8
1302	-0.206863	63.719717	1.914366	0.002679	1.9
1303	-0.195512	64.699019	1.892490	0.012952	1.8
1304	-0.209157	65.593041	1.872951	0.005019	1.8
1305	-0.217857	64.743418	1.891510	0.007733	1.8
1306	-0.230023	63.942133	1.909353	0.006483	1.8
1307	-0.240789	64.940341	1.887176	0.010571	1.8
1308	-0.225448	64.016805	1.907676	0.009428	1.7
1309	-0.228383	65.016803	1.885498	0.008227	1.8
1310	-0.217401	66.012130	1.863930	0.010381	1.9
1311	-0.227492	65.086115	1.883980	0.014667	1.8
1312	-0.262079	66.086115	1.862347	0.013785	1.8
1313	-0.204248	65.159892	1.882367	0.004939	1.8
1314	-0.236017	64.620307	1.894230	0.005896	1.8
1315	-0.226815	64.133119	1.905070	0.005049	1.8
1316	-0.247818	65.103840	1.883593	0.011145	1.8
1317	-0.226743	65.813191	1.868202	0.003866	1.8
1318	-0.239933	66.669283	1.849959	0.010279	2.1
1319	-0.238074	67.197122	1.838887	0.007046	1.9
1320	-0.251420	66.913256	1.844825	0.002924	1.8
1321	-0.231085	66.403189	1.855591	0.006942	1.8
1322	-0.245895	67.265905	1.837454	0.007633	1.8
1323	-0.207570	66.340552	1.856922	0.003984	1.8
1324	-0.242034	65.592246	1.872969	0.007431	1.8
1325	-0.185130	66.009106	1.863995	0.003969	1.8
1326	-0.236308	65.197600	1.881544	0.009111	1.8
1327	-0.232008	65.353454	1.878148	0.012636	1.9
1328	-0.219213	64.427232	1.898511	0.002920	1.8
1329	-0.239462	64.506343	1.896755	0.008178	1.8
1330	-0.201322	64.227793	1.902954	0.009872	1.8
1331	-0.239517	63.304277	1.923800	0.005729	1.8
1332	-0.256598	64.299794	1.901348	0.007482	1.8
1333	-0.211061	63.384611	1.921968	0.007642	2.0
1334	-0.242158	64.355632	1.900104	0.006418	2.3
1335	-0.249253	63.486706	1.919646	0.006897	1.8
1336	-0.198178	62.576354	1.940555	0.002069	2.0
1337	-0.213777	63.186543	1.926490	0.005387	1.9
1338	-0.242361	63.500836	1.919325	0.006257	2.9
1339	-0.230470	64.239659	1.902689	0.007727	1.8
1340	-0.246502	63.413525	1.921310	0.005520	1.8
1341	-0.216727	62.679505	1.938163	0.006496	2.2
1342	-0.217163	61.766362	1.959547	0.002033	2.1
1343	-0.207453	61.955707	1.955074	0.006353	2.0
1344	-0.206582	62.461085	1.943236	0.006366	1.9
1345	-0.201093	62.583948	1.940379	0.011399	2.0
1346	-0.212633	63.578696	1.917558	0.003573	2.0
1347	-0.206884	62.702016	1.937642	0.006128	1.8
1348	-0.221426	62.424165	1.944096	0.006646	1.9
1349	-0.230231	63.414819	1.921281	0.008149	1.8
1350	-0.227804	62.494747	1.942452	0.008896	2.1
1351	-0.220515	63.486840	1.919643	0.006406	2.7
1352	-0.197475	64.469599	1.897570	0.004833	2.5
1353	-0.229145	63.594149	1.917208	0.008708	1.8
1354	-0.214573	62.684722	1.938043	0.004628	1.8
1355	-0.235774	61.767298	1.959525	0.015521	2.1
1356	-0.249352	60.843828	1.981634	0.008252	1.8
1357	-0.234819	59.917605	2.004317	0.007322	1.8
1358	-0.222811	60.913586	1.979947	0.024866	1.8
1359	-0.213491	61.913585	1.956067	0.008046	1.7
1360	-0.234397	62.913585	1.932757	0.005895	1.9
1361	-0.198433	63.910804	1.910058	0.005024	2.0
1362	-0.198971	63.051485	1.929586	0.001895	2.2
1363	-0.263614	62.752056	1.936484	0.005125	2.2
1364	-0.223077	62.608456	1.939810	0.011905	1.8
1365	-0.250765	63.607018	1.916916	0.004167	3.8
1366	-0.212401	62.928151	1.932421	0.015579	1.8
1367	-0.250503	63.640984	1.916147	0.014087	1.8
1368	-0.223952	62.714761	1.937347	0.007658	1.8
1369	-0.205272	63.714760	1.914478	0.006709	1.9
1370	-0.239405	62.791289	1.935578	0.008308	1.8
1371	-0.201151	63.789862	1.912782	0.008562	1.8
1372	-0.204406	62.863839	1.933903	0.005529	1.8
1373	-0.228080	63.707879	1.914634	0.017672	2.5
1374	-0.244815	64.682754	1.892849	0.006775	1.8
1375	-0.222152	65.682753	1.871013	0.007320	1.8
1376	-0.241040	64.768917	1.890948	0.009376	1.9
1377	-0.240361	63.842801	1.911589	0.004343	1.9
1378	-0.206984	62.966964	1.931528	0.004412	1.8
1379	-0.234540	62.528307	1.941672	0.007591	1.8
1380	-0.243820	63.409620	1.921399	0.003924	1.8
1381	-0.210336	64.385634	1.899436	0.003183	1.8
1382	-0.219916	63.950909	1.909156	0.007226	1.8
1383	-0.204685	63.551548	1.918174	0.017027	1.8
1384	-0.187942	64.551040	1.895764	0.005787	1.8
1385	-0.227976	63.624819	1.916513	0.013909	1.7
1386	-0.220169	62.699321	1.937704	0.020153	1.7
1387	-0.220384	63.699321	1.914827	0.008148	1.8
1388	-0.242551	64.699321	1.892483	0.017406	1.8
1389	-0.224405	63.773099	1.913161	0.014477	1.8
1390	-0.255083	62.846876	1.934294	0.004256	2.8
1391	-0.194628	63.829192	1.911896	0.020062	2.0
1392	-0.245847	62.903049	1.932999	0.012412	1.9
1393	-0.207871	61.985671	1.954368	0.006614	1.8
1394	-0.251989	62.591726	1.940199	0.010578	1.8
1395	-0.232722	63.590817	1.917283	0.012794	1.9
1396	-0.208066	64.590817	1.894883	0.003459	1.8
1397	-0.216456	63.678329	1.915302	0.010786	1.8
1398	-0.226228	64.601846	1.894638	0.003860	1.8
1399	-0.223524	63.741479	1.913874	0.005167	1.8
1400	-0.227468	64.421026	1.898649	0.005576	1.8
1401	-0.232240	63.559002	1.918005	0.004186	1.9
1402	-0.267766	63.431406	1.920903	0.006767	1.8
1403	-0.239536	62.806294	1.935231	0.007950	1.8
1404	-0.195727	63.760165	1.913453	0.008357	1.8
1405	-0.236256	62.834748	1.934574	0.007455	1.8
1406	-0.227341	63.177301	1.926702	0.007722	1.8
1407	-0.223836	64.152628	1.904634	0.007581	1.8
1408	-0.221646	64.986852	1.886155	0.008339	2.0
1409	-0.202835	64.092872	1.905971	0.006837	2.2
1410	-0.236066	63.416484	1.921243	0.003931	1.8
1411	-0.195015	62.539017	1.941423	0.012095	1.8
1412	-0.235995	61.649252	1.962323	0.003040	1.8
1413	-0.231884	60.869696	1.981008	0.004800	1.8
1414	-0.252218	61.054644	1.976543	0.004728	1.9
1415	-0.236175	61.736749	1.960248	0.004809	1.8
1416	-0.242342	62.630918	1.939289	0.003258	2.2
1417	-0.215750	62.096652	1.951758	0.009235	1.8
1418	-0.239904	61.248420	1.971887	0.006154	1.8
1419	-0.220420	60.331364	1.994121	0.021935	1.8
1420	-0.222614	59.405141	2.017092	0.005840	1.8
1421	-0.236112	58.478920	2.040598	0.002526	1.7
1422	-0.246204	58.149783	2.049084	0.004194	1.8
1423	-0.227384	58.490433	2.040303	0.022852	1.8
1424	-0.184906	57.864349	2.056500	0.007882	2.1
1425	-0.189311	56.969828	2.080094	0.014039	1.8
1426	-0.202383	57.523472	2.065428	0.007519	1.8
1427	-0.180090	56.597368	2.090078	0.006821	1.9
1428	-0.205196	55.693677	2.114706	0.009026	1.7
1429	-0.187835	54.771618	2.140439	0.011010	1.8
1430	-0.237903	55.770750	2.112583	0.005453	1.8
1431	-0.201280	56.769360	2.085456	0.027297	1.8
1432	-0.261077	57.769360	2.058980	0.006563	1.8
1433	-0.219333	56.843187	2.083478	0.005535	1.8
1434	-0.218779	57.350167	2.069996	0.008294	1.8
1435	-0.178903	58.330803	2.044408	0.018248	2.1
1436	-0.236815	59.329570	2.018989	0.012450	1.8
1437	-0.202896	58.403347	2.042540	0.006645	1.8
1438	-0.219047	58.912734	2.029521	0.011058	1.8
1439	-0.222372	59.864156	2.005642	0.008553	1.8
1440	-0.234490	60.864149	1.981143	0.005362	1.7
1441	-0.215542	61.858560	1.957366	0.002173	1.7
1442	-0.219356	61.388550	1.968533	0.002857	1.7
1443	-0.249596	61.513808	1.965544	0.009090	1.8
1444	-0.191326	62.022717	1.953496	0.009802	1.8
1445	-0.233321	61.096498	1.975536	0.005102	2.1
1446	-0.239440	60.177815	1.997893	0.006032	1.8
1447	-0.249874	59.399091	2.017244	0.019247	1.8
1448	-0.198364	58.472868	2.040754	0.009345	1.8
1449	-0.212528	59.472868	2.015394	0.008890	1.8
1450	-0.215088	60.382423	1.992870	0.001203	1.7
1451	-0.242292	60.813914	1.982359	0.004142	1.8
1452	-0.234579	60.927254	1.979617	0.023410	1.8
1453	-0.240145	61.908173	1.956195	0.004994	2.3
1454	-0.215414	60.981951	1.978296	0.003658	2.6
1455	-0.223253	60.242345	1.996306	0.005917	2.2
1456	-0.246723	60.922929	1.979721	0.012892	1.8
1457	-0.273610	59.996839	2.002357	0.014855	1.7
1458	-0.211135	60.996839	1.977937	0.003414	1.7
1459	-0.223890	60.090528	2.000043	0.010487	1.8
1460	-0.254263	59.212555	2.021935	0.003675	1.8
1461	-0.208456	60.105440	1.999675	0.013903	1.7
1462	-0.250383	61.091662	1.975652	0.008583	1.8
1463	-0.246576	62.091661	1.951875	0.004824	2.0
1464	-0.206181	63.083361	1.928854	0.007835	4.2
1465	-0.234109	62.243219	1.948321	0.002426	4.9
1466	-0.250930	62.831383	1.934652	0.009444	3.2
1467	-0.213303	63.144054	1.927463	0.006567	2.3
1468	-0.222940	64.143825	1.904830	0.003440	1.8
1469	-0.204442	64.943172	1.887114	0.013019	1.9
1470	-0.225392	65.495092	1.875072	0.008572	1.9
1471	-0.257797	66.495088	1.853642	0.004419	1.8
1472	-0.205157	67.395724	1.834756	0.006509	1.8
1473	-0.211591	68.329831	1.815570	0.009960	1.8
1474	-0.181462	67.403795	1.834588	0.010342	1.8
1475	-0.213103	66.478383	1.853996	0.003915	2.0
1476	-0.214383	65.895194	1.866439	0.014674	1.8
1477	-0.213761	65.026516	1.885286	0.005901	1.9
1478	-0.226939	64.100382	1.905803	0.017672	1.8
1479	-0.237653	63.174167	1.926773	0.011981	2.2
1480	-0.219120	64.174167	1.904152	0.010080	1.7
1481	-0.236506	65.173765	1.882064	0.008264	1.8
1482	-0.231231	66.173555	1.860479	0.004238	1.8
1483	-0.224647	66.199348	1.859928	0.003349	1.8
1484	-0.220435	65.929161	1.865709	0.008828	1.8
1485	-0.214455	66.348511	1.856752	0.004138	1.9
1486	-0.260071	66.559101	1.852287	0.003265	1.8
1487	-0.229628	67.093083	1.841059	0.012521	1.8
1488	-0.246161	67.933095	1.823669	0.008635	2.0
1489	-0.246030	67.006872	1.842862	0.011047	1.9
1490	-0.233426	66.080653	1.862464	0.006969	1.8
1491	-0.216225	67.080621	1.841319	0.002744	1.8
1492	-0.218543	66.654260	1.850276	0.006029	1.8
1493	-0.214849	66.924919	1.844580	0.003976	1.8
1494	-0.239546	66.422065	1.855190	0.011798	1.8
1495	-0.225500	67.362382	1.835448	0.012634	1.8
1496	-0.214951	66.436322	1.854888	0.003955	1.8
1497	-0.211989	67.106278	1.840783	0.004923	1.9
1498	-0.233746	67.879591	1.824767	0.008794	1.8
1499	-0.247777	67.230112	1.838200	0.012103	1.9
1500	-0.241538	68.229952	1.817602	0.012591	1.8
1501	-0.223006	67.303729	1.836667	0.004576	1.8
1502	-0.223097	68.299034	1.816196	0.017032	1.8
1503	-0.219015	67.372901	1.835229	0.004500	1.8
1504	-0.243225	67.708959	1.828277	0.009497	1.8
1505	-0.231652	68.695477	1.808169	0.006146	1.8
1506	-0.190886	67.771687	1.826985	0.014488	1.7
1507	-0.225787	68.771497	1.806637	0.006851	1.8
1508	-0.244824	69.771473	1.786735	0.009472	1.8
1509	-0.230420	70.763932	1.767411	0.005335	1.8
1510	-0.200538	71.700549	1.749553	0.011394	1.7
1511	-0.200448	72.689032	1.731094	0.002935	1.8
1512	-0.245699	71.935637	1.745128	0.011119	1.8
1513	-0.205865	72.633545	1.732120	0.008779	1.9
1514	-0.207435	71.707338	1.749425	0.014504	1.8
1515	-0.222662	70.781116	1.767080	0.012255	1.8
1516	-0.247778	71.781116	1.748034	0.002982	1.8
1517	-0.253492	72.752803	1.729917	0.002161	1.8
1518	-0.220315	72.717250	1.730573	0.012809	1.8
1519	-0.244029	72.070043	1.742607	0.005143	1.8
1520	-0.211277	71.269021	1.757736	0.010590	1.8
1521	-0.230596	72.207141	1.740044	0.006474	1.8
1522	-0.251879	71.350740	1.756180	0.002870	1.8
1523	-0.225561	71.617793	1.751117	0.015765	2.1
1524	-0.241461	71.040440	1.762101	0.010298	1.9
1525	-0.232504	70.114217	1.780014	0.013804	1.8
1526	-0.228410	69.187995	1.798294	0.005735	1.8
1527	-0.259942	68.298431	1.816208	0.006846	1.8
1528	-0.241962	68.855978	1.804939	0.005177	1.8
1529	-0.213789	69.640485	1.789317	0.009053	1.8
1530	-0.227929	70.007260	1.782106	0.006366	1.7
1531	-0.232240	69.099010	1.800070	0.008204	1.8
1532	-0.216704	70.060357	1.781066	0.005385	1.8
1533	-0.242778	71.037910	1.762149	0.005881	1.8
1534	-0.206390	71.734094	1.748920	0.005231	1.7
1535	-0.212562	71.133533	1.760321	0.009391	1.8
1536	-0.216677	72.123283	1.741611	0.003217	1.9
1537	-0.192302	72.287300	1.738549	0.008634	1.8
1538	-0.190751	72.563649	1.733414	0.003791	1.8
1539	-0.234320	73.502979	1.716185	0.021359	1.9
1540	-0.226392	74.502967	1.698215	0.005525	1.9
1541	-0.261527	73.576744	1.714846	0.011364	1.8
1542	-0.226496	72.650752	1.731802	0.013680	1.8
1543	-0.215625	73.650752	1.713505	0.006232	1.7
1544	-0.216786	72.725143	1.730427	0.003269	1.8
1545	-0.224627	72.109128	1.741876	0.008045	1.9
1546	-0.217611	72.534186	1.733960	0.004248	1.8
1547	-0.239550	73.504369	1.716159	0.006482	1.8
1548	-0.244529	74.074080	1.705876	0.010864	1.8
1549	-0.220636	73.148752	1.722642	0.003858	1.9
1550	-0.214148	74.131287	1.704850	0.006247	1.9
1551	-0.198255	73.519424	1.715886	0.004284	2.0
1552	-0.218666	73.931575	1.708436	0.005779	1.8
1553	-0.230459	73.696339	1.712680	0.005693	1.9
1554	-0.249164	74.654511	1.695524	0.012679	1.9
1555	-0.212023	75.602120	1.678892	0.005673	2.1
1556	-0.223112	74.711761	1.694510	0.005755	1.8
1557	-0.257568	75.511207	1.680474	0.009583	1.8
1558	-0.226688	75.170969	1.686419	0.006895	1.9
1559	-0.238303	75.967253	1.672570	0.013826	1.7
1560	-0.209322	75.041665	1.688689	0.002999	1.8
1561	-0.260319	75.680483	1.677531	0.004918	6.9
1562	-0.251198	75.422667	1.682017	0.012226	1.8
1563	-0.252975	74.507281	1.698138	0.006188	2.0
1564	-0.233657	75.503841	1.680602	0.005638	1.8
1565	-0.211745	74.596585	1.696552	0.010173	1.8
1566	-0.213178	73.671286	1.713133	0.005596	1.7
1567	-0.240931	72.747688	1.730011	0.009252	1.8
1568	-0.233109	73.591432	1.714580	0.003969	2.3
1569	-0.187322	74.027691	1.706708	0.008379	2.6
1570	-0.239858	73.181154	1.722049	0.003066	2.0
1571	-0.260343	72.404878	1.736361	0.008706	1.8
1572	-0.228998	73.357954	1.718822	0.004455	1.8
1573	-0.227180	72.469787	1.735155	0.007199	1.9
1574	-0.215792	71.741624	1.748778	0.004358	1.8
1575	-0.241708	71.317253	1.756817	0.010308	1.8
1576	-0.236555	72.098966	1.742066	0.003906	1.8
1577	-0.203141	72.797733	1.729088	0.024200	1.9
1578	-0.226749	73.796398	1.710873	0.007485	1.8
1579	-0.233216	74.796398	1.693013	0.002130	1.8
1580	-0.236467	74.889992	1.691361	0.013737	1.8
1581	-0.241395	74.894912	1.691274	0.003102	1.9
1582	-0.218649	75.335351	1.683541	0.008978	1.8
1583	-0.218278	74.948012	1.690338	0.012423	1.8
1584	-0.209858	75.948012	1.672902	0.004913	1.9
1585	-0.242870	75.201313	1.685887	0.008743	1.8
1586	-0.210066	76.042702	1.671270	0.002742	1.8
1587	-0.220965	75.492220	1.680804	0.007120	1.9
1588	-0.225891	75.402816	1.682363	0.019677	2.1
1589	-0.230156	75.678870	1.677559	0.007300	1.9
1590	-0.209316	76.662795	1.660659	0.006218	2.0
1591	-0.237063	75.758395	1.676181	0.004759	1.9
1592	-0.226288	76.705005	1.659941	0.009436	1.8
1593	-0.216457	75.842920	1.674718	0.005645	1.8
1594	-0.202286	76.265305	1.667445	0.007197	1.8
1595	-0.241559	75.995535	1.672083	0.003364	1.8
1596	-0.256844	75.356954	1.683164	0.002635	1.8
1597	-0.245131	74.958776	1.690148	0.003918	1.9
1598	-0.258210	74.870076	1.691712	0.007036	1.8
1599	-0.228659	74.635365	1.695864	0.002665	1.8
1600	-0.219540	74.681224	1.695051	0.005717	1.9
1601	-0.207769	74.678268	1.695103	0.006727	1.9
1602	-0.212449	73.876439	1.709429	0.009444	1.8
1603	-0.237010	74.214788	1.703355	0.008226	1.8
1604	-0.228591	74.362205	1.700721	0.011153	2.0
1605	-0.238342	73.435985	1.717402	0.008752	3.1
1606	-0.219538	72.509795	1.734412	0.018092	2.0
1607	-0.213228	73.509769	1.716061	0.004850	1.8
1608	-0.229107	74.509759	1.698094	0.008674	1.8
1609	-0.221564	73.718456	1.712280	0.007440	1.9
1610	-0.237298	74.714623	1.694459	0.004201	1.8
1611	-0.205436	74.125868	1.704947	0.007819	1.8
1612	-0.225009	73.669081	1.713173	0.015265	2.0
1613	-0.249594	74.541300	1.697533	0.007908	2.0
1614	-0.262925	73.760703	1.711517	0.006228	1.9
1615	-0.219173	73.061287	1.724243	0.006146	1.8
1616	-0.210853	74.017758	1.706887	0.010986	1.9
1617	-0.246953	73.093516	1.723653	0.002521	1.7
1618	-0.239293	72.257164	1.739111	0.009799	1.8
1619	-0.213206	73.136893	1.722859	0.006850	1.8
1620	-0.263944	74.121373	1.705027	0.007445	1.9
1621	-0.223902	73.381961	1.718385	0.003470	1.9
1622	-0.184884	72.568757	1.733319	0.006729	1.8
1623	-0.235260	71.736380	1.748877	0.008838	1.9
1624	-0.211172	70.917106	1.764465	0.005091	1.8
1625	-0.235757	70.616926	1.770247	0.020917	1.8
1626	-0.211650	71.602385	1.751408	0.004020	1.8
1627	-0.229942	72.602136	1.732701	0.010770	1.8
1628	-0.257321	71.741188	1.748787	0.011051	2.0
1629	-0.226723	72.741187	1.730131	0.004875	1.8
1630	-0.254148	73.733977	1.712000	0.002164	1.8
1631	-0.249285	73.464333	1.716887	0.008250	1.8
1632	-0.205235	72.887320	1.727438	0.007631	1.8
1633	-0.235413	73.886981	1.709239	0.007472	1.8
1634	-0.239474	73.760631	1.711518	0.007638	1.8
1635	-0.216425	73.640458	1.713692	0.006469	1.8
1636	-0.238417	74.527658	1.697776	0.005465	1.9
1637	-0.216300	74.391381	1.700201	0.005169	1.8
1638	-0.233061	74.115674	1.705130	0.006294	1.8
1639	-0.196442	74.743364	1.693951	0.010245	1.9
1640	-0.236638	74.247666	1.702767	0.016493	1.8
1641	-0.210483	73.321443	1.719488	0.007072	1.8
1642	-0.259036	74.321442	1.701449	0.009771	1.8
1643	-0.247243	73.397297	1.718106	0.006884	1.8
1644	-0.251369	74.391221	1.700204	0.021793	1.8
1645	-0.219549	75.391155	1.682567	0.009432	1.7
1646	-0.238386	76.390647	1.665299	0.009288	1.8
1647	-0.235273	75.467815	1.681230	0.010243	1.7
1648	-0.219478	76.467811	1.663981	0.010614	1.8
1649	-0.213396	75.541609	1.679945	0.016053	1.9
1650	-0.248320	74.615389	1.696218	0.005565	1.8
1651	-0.214263	75.614934	1.678670	0.009257	1.8
1652	-0.239196	74.706813	1.694598	0.016021	1.8
1653	-0.251032	75.706813	1.677075	0.016443	1.8
1654	-0.210437	76.706813	1.659910	0.002053	1.8
1655	-0.216748	75.833948	1.674873	0.005515	1.9
1656	-0.250923	76.367759	1.665690	0.006356	1.8
1657	-0.207950	77.165128	1.652161	0.010227	1.8
1658	-0.222570	78.164695	1.635507	0.007144	1.7
1659	-0.217580	79.139489	1.619586	0.003652	1.8
1660	-0.225101	79.162190	1.619219	0.004977	1.8
1661	-0.244812	79.304165	1.616927	0.005594	2.2
1662	-0.235068	78.440260	1.630975	0.008430	1.8
1663	-0.241865	78.085620	1.636812	0.005601	1.8
1664	-0.225816	78.118872	1.636263	0.006675	1.8
1665	-0.194103	77.515147	1.646291	0.009712	1.8
1666	-0.223480	76.589226	1.661910	0.003409	2.1
1667	-0.237899	77.492919	1.646662	0.008926	1.8
1668	-0.247845	77.208520	1.651431	0.014252	1.8
1669	-0.214894	76.465870	1.664014	0.008961	1.8
1670	-0.273423	77.465870	1.647114	0.003258	1.7
1671	-0.218132	77.868362	1.640409	0.007886	2.0
1672	-0.244743	78.117520	1.636285	0.008508	1.8
1673	-0.253039	77.191607	1.651715	0.020610	1.8
1674	-0.235798	76.265384	1.667444	0.006428	1.8
1675	-0.209937	77.265384	1.650475	0.019873	1.8
1676	-0.231867	76.339162	1.666180	0.015729	1.9
1677	-0.191047	75.412939	1.682187	0.007700	1.8
1678	-0.213665	74.486844	1.698502	0.008249	1.8
1679	-0.223287	74.360779	1.700747	0.008564	1.7
1680	-0.206987	75.360322	1.683105	0.008093	1.9
1681	-0.244133	74.434241	1.699438	0.003660	1.8
1682	-0.242280	75.372752	1.682888	0.006653	1.8
1683	-0.259957	76.264305	1.667462	0.006025	1.8
1684	-0.250194	77.229615	1.651076	0.012647	1.8
1685	-0.225112	76.303651	1.666788	0.004095	1.9
1686	-0.223039	77.298452	1.649920	0.006654	1.9
1687	-0.224207	78.228613	1.634453	0.006885	1.8
1688	-0.260511	77.306900	1.649778	0.012547	2.1
1689	-0.243373	78.306863	1.633166	0.004424	1.8
1690	-0.201716	79.257795	1.617675	0.007048	1.8
1691	-0.254241	78.586656	1.628577	0.006161	1.8
1692	-0.215357	77.757534	1.642250	0.004226	1.8
1693	-0.215609	77.148960	1.652433	0.010018	1.9
1694	-0.177387	76.669733	1.660541	0.008584	1.8
1695	-0.230160	75.743990	1.676430	0.004522	1.7
1696	-0.253436	75.941104	1.673021	0.006653	1.7
1697	-0.234457	75.620858	1.678567	0.005846	1.8
1698	-0.235522	76.562251	1.662370	0.006415	1.7
1699	-0.232648	76.356428	1.665884	0.011637	1.7
1700	-0.234378	75.475325	1.681099	0.007832	1.7
1701	-0.246116	74.549106	1.697395	0.014082	1.9
1702	-0.240138	73.622883	1.714010	0.003441	2.3
1703	-0.249926	74.620179	1.696133	0.014967	1.8
1704	-0.272444	75.617775	1.678620	0.020029	1.8
1705	-0.233564	76.617775	1.661424	0.003053	1.7
1706	-0.227217	77.614491	1.644632	0.012257	1.8
1707	-0.191621	76.701763	1.659996	0.010634	1.8
1708	-0.237299	75.775540	1.675884	0.016130	1.8
1709	-0.242753	74.849317	1.692078	0.004211	1.8
1710	-0.280053	73.923696	1.708578	0.005988	1.8
1711	-0.219979	74.649754	1.695609	0.008564	1.8
1712	-0.220242	74.007552	1.707070	0.009869	1.8
1713	-0.227295	74.595597	1.696569	0.013823	1.8
1714	-0.207733	73.673435	1.713095	0.007614	1.8
1715	-0.227647	72.748609	1.729994	0.012321	1.9
1716	-0.211056	72.023118	1.743487	0.004686	1.8
1717	-0.213602	72.671992	1.731409	0.005394	1.8
1718	-0.221801	73.300605	1.719868	0.024831	1.8
1719	-0.212359	74.299158	1.701847	0.003730	2.8
1720	-0.217146	75.151848	1.686754	0.007363	2.9
1721	-0.212545	74.330646	1.701285	0.014862	2.4
1722	-0.237636	73.404478	1.717975	0.007170	1.9
1723	-0.215419	72.478703	1.734989	0.004808	1.8
1724	-0.215579	71.585785	1.751722	0.007962	1.7
1725	-0.232704	71.731257	1.748974	0.006842	3.5
1726	-0.234632	72.532897	1.733984	0.009779	3.3
1727	-0.232786	73.532448	1.715650	0.008408	3.1
1728	-0.255255	74.525115	1.697821	0.004370	2.6
1729	-0.222970	73.956243	1.707993	0.004288	1.8
1730	-0.239780	73.978587	1.707591	0.001352	1.8
1731	-0.258130	74.108495	1.705258	0.005216	1.8
1732	-0.207868	74.070522	1.705939	0.006719	1.8
1733	-0.247568	73.170575	1.722242	0.015576	1.8
1734	-0.213868	72.244355	1.739350	0.014268	1.8
1735	-0.257106	73.244355	1.720894	0.012641	1.8
1736	-0.216879	72.318132	1.737975	0.006926	1.8
1737	-0.224895	72.300956	1.738295	0.006216	1.8
1738	-0.177652	71.503682	1.753277	0.004899	1.8
1739	-0.202455	71.947117	1.744912	0.004642	1.9
1740	-0.240924	72.201729	1.740145	0.018630	1.8
1741	-0.237766	73.125688	1.723064	0.003565	1.9
1742	-0.214829	74.125417	1.704955	0.008689	1.8
1743	-0.230391	73.290588	1.720050	0.009431	1.9
1744	-0.212298	74.288885	1.702030	0.007848	1.8
1745	-0.217801	74.424011	1.699620	0.006357	1.8
1746	-0.226168	75.403701	1.682348	0.004534	1.8
1747	-0.202052	76.345208	1.666076	0.007512	1.8
1748	-0.217860	75.663743	1.677822	0.005384	1.8
1749	-0.244742	76.652534	1.660833	0.004941	1.9
1750	-0.268919	77.557208	1.645588	0.009069	1.7
1751	-0.215562	78.207133	1.634807	0.010454	1.7
1752	-0.220387	77.280979	1.650213	0.007488	1.9
1753	-0.211685	78.280961	1.633592	0.003200	1.8
1754	-0.243549	79.088077	1.620418	0.015071	1.8
1755	-0.215442	78.168484	1.635444	0.005342	1.9
1756	-0.250252	79.102733	1.620181	0.008857	1.8
1757	-0.243113	78.485333	1.630236	0.005425	1.8
1758	-0.201400	79.343779	1.616289	0.009245	1.9
1759	-0.222584	78.554705	1.629100	0.005604	1.8
1760	-0.226925	79.424882	1.614984	0.006025	1.9
1761	-0.216346	78.534383	1.629432	0.010687	1.8
1762	-0.248961	77.608395	1.644734	0.003654	1.8
1763	-0.211074	78.554696	1.629100	0.006764	1.8
1764	-0.243035	79.308306	1.616861	0.006476	1.8
1765	-0.241714	80.255578	1.601734	0.013026	1.8
1766	-0.241188	81.238418	1.586337	0.006409	2.1
1767	-0.241523	82.149180	1.572330	0.007438	1.8
1768	-0.233988	82.772427	1.562887	0.003060	1.8
1769	-0.255725	83.514243	1.551794	0.003651	1.8
1770	-0.237592	83.577222	1.550859	0.002847	1.8
1771	-0.204935	83.520064	1.551707	0.009856	1.9
1772	-0.190040	84.448762	1.538041	0.006913	1.8
1773	-0.229114	83.778534	1.547880	0.002953	1.8
1774	-0.212725	84.104066	1.543085	0.005170	1.9
1775	-0.212228	84.912671	1.531305	0.004974	1.8
1776	-0.233038	85.780885	1.518854	0.003878	1.8
1777	-0.221922	86.305072	1.511434	0.012274	2.0
1778	-0.288449	87.302927	1.497508	0.019212	1.9
1779	-0.218421	88.302927	1.483808	0.005174	1.8
1780	-0.216365	89.290634	1.470520	0.005056	1.8
1781	-0.243392	88.412475	1.482322	0.009487	1.8
1782	-0.242946	87.666131	1.492503	0.014155	1.8
1783	-0.266225	88.666130	1.478894	0.011768	1.8
1784	-0.228467	89.666130	1.465530	0.015713	1.8
1785	-0.249731	88.739907	1.477899	0.002099	1.8
1786	-0.255541	88.196555	1.485253	0.005382	1.8
1787	-0.186855	88.001147	1.487916	0.008697	1.8
1788	-0.211478	87.083048	1.500555	0.002747	1.8
1789	-0.230785	87.851755	1.489958	0.008616	1.7
1790	-0.229023	87.084545	1.500534	0.005908	1.7
1791	-0.229192	88.068251	1.487001	0.013889	1.8
1792	-0.219590	87.142124	1.499735	0.003120	1.9
1793	-0.217661	88.076289	1.486891	0.003659	1.9
1794	-0.214953	87.779599	1.490946	0.012308	1.8
1795	-0.243009	88.739186	1.477909	0.007479	1.8
1796	-0.229417	88.814616	1.476894	0.019859	1.8
1797	-0.235972	87.895998	1.489353	0.016345	2.0
1798	-0.218390	88.895998	1.475800	0.002286	1.8
1799	-0.221976	89.632049	1.465982	0.011781	1.8
1800	-0.258455	90.063475	1.460287	0.013468	1.7
1801	-0.221242	89.137252	1.472568	0.005515	1.9
1802	-0.233255	88.212045	1.485043	0.007560	1.8
1803	-0.224238	87.290440	1.497681	0.007142	1.8
1804	-0.238655	86.441957	1.509509	0.010059	2.0
1805	-0.204440	86.127273	1.513943	0.017340	1.9
1806	-0.239941	87.127273	1.499941	0.007098	1.8
1807	-0.235945	88.126325	1.486209	0.011533	1.8
1808	-0.175573	87.210593	1.498786	0.004941	1.8
1809	-0.284387	88.194666	1.485279	0.005045	1.8
1810	-0.254646	87.347590	1.496891	0.006940	1.8
1811	-0.190636	86.568281	1.507736	0.010478	1.9
1812	-0.253396	85.652815	1.520678	0.006044	2.0
1813	-0.225097	86.652293	1.506559	0.005697	1.9
1814	-0.211496	85.828207	1.518181	0.004927	1.7
1815	-0.222823	86.521910	1.508386	0.013664	1.9
1816	-0.222897	85.597515	1.521467	0.014012	1.8
1817	-0.269595	84.671292	1.534802	0.013032	1.8
1818	-0.264446	83.745069	1.548374	0.001907	1.8
1819	-0.238430	84.220972	1.541371	0.004909	1.8
1820	-0.203118	84.468675	1.537751	0.016536	1.8
1821	-0.221368	83.542570	1.551373	0.006826	1.8
1822	-0.213990	84.542568	1.536674	0.009428	1.8
1823	-0.219270	83.616508	1.550277	0.017635	1.8
1824	-0.240387	84.616508	1.535598	0.011336	1.7
1825	-0.221990	85.616500	1.521196	0.010911	1.8
1826	-0.245483	84.690354	1.534526	0.004353	1.8
1827	-0.212376	83.796136	1.547620	0.008550	1.8
1828	-0.226986	84.676569	1.534726	0.005201	1.8
1829	-0.231770	83.757119	1.548196	0.005717	1.9
1830	-0.224148	83.161703	1.557046	0.004174	1.9
1831	-0.240014	83.020089	1.559166	0.010316	1.8
1832	-0.238365	83.888205	1.546261	0.009775	2.0
1833	-0.193355	84.888199	1.531658	0.005915	1.8
1834	-0.207001	83.963338	1.545154	0.007194	1.9
1835	-0.240076	83.050592	1.558709	0.002895	1.8
1836	-0.182349	82.285155	1.570260	0.003943	1.8
1837	-0.224575	82.018571	1.574323	0.007771	1.8
1838	-0.272160	81.490337	1.582437	0.006903	1.9
1839	-0.234265	82.273459	1.570438	0.006880	1.8
1840	-0.201374	82.564028	1.566032	0.006001	1.8
1841	-0.246831	83.526238	1.551616	0.004289	2.7
1842	-0.265177	82.661044	1.564566	0.005198	1.9
1843	-0.224553	83.302258	1.554948	0.002961	1.8
1844	-0.214368	82.938955	1.560383	0.004291	1.7
1845	-0.245799	82.508457	1.566872	0.009162	1.8
1846	-0.239720	81.673680	1.579612	0.007069	1.8
1847	-0.225500	80.747760	1.593986	0.003365	1.8
1848	-0.224733	81.000198	1.590042	0.011034	1.7
1849	-0.214551	80.844128	1.592478	0.009284	1.9
1850	-0.251723	79.917906	1.607094	0.017845	1.9
1851	-0.242087	78.991683	1.621980	0.002196	1.8
1852	-0.242132	79.770111	1.609451	0.004243	1.8
1853	-0.228787	80.069666	1.604681	0.013757	1.8
1854	-0.256686	80.304517	1.600961	0.004257	1.8
1855	-0.247914	80.237444	1.602021	0.002110	1.7
1856	-0.243644	80.150542	1.603398	0.006513	1.8
1857	-0.239336	80.708414	1.594603	0.009254	1.9
1858	-0.209689	81.706844	1.579102	0.009558	1.8
1859	-0.195165	80.780639	1.593472	0.011909	2.0
1860	-0.225054	79.854425	1.608105	0.014893	1.8
1861	-0.252296	80.854425	1.592317	0.011742	1.9
1862	-0.228739	79.928202	1.606930	0.013591	1.8
1863	-0.228010	80.928202	1.591165	0.007589	1.7
1864	-0.180904	81.928199	1.575706	0.007844	1.8
1865	-0.218137	81.004471	1.589975	0.006399	1.8
1866	-0.195531	80.079624	1.604523	0.004774	1.8
1867	-0.223308	79.287136	1.617202	0.007560	1.9
1868	-0.227972	78.373677	1.632068	0.005757	1.9
1869	-0.216210	79.352646	1.616146	0.005266	1.8
1870	-0.246686	79.489595	1.613944	0.007280	1.9
1871	-0.244506	80.430493	1.598972	0.005102	1.8
1872	-0.249020	80.780201	1.593478	0.006247	1.7
1873	-0.253116	80.032778	1.605267	0.008572	1.8
1874	-0.240488	79.108084	1.620094	0.013286	1.8
1875	-0.227916	80.108039	1.604072	0.008441	1.8
1876	-0.204540	81.108039	1.588362	0.010046	1.9
1877	-0.246578	80.181871	1.602901	0.004030	1.8
1878	-0.268752	81.172744	1.587356	0.012218	1.8
1879	-0.215057	80.250943	1.601808	0.009214	1.8
1880	-0.215915	79.324727	1.616596	0.009940	1.8
1881	-0.237860	80.322831	1.600671	0.004601	2.0
1882	-0.251471	79.742923	1.609885	0.015297	1.8
1883	-0.237969	80.521142	1.597545	0.007853	1.8
1884	-0.204512	81.520666	1.581969	0.004277	1.8
1885	-0.235522	82.353621	1.569220	0.008989	2.1
1886	-0.233366	81.792218	1.577790	0.007250	1.9
1887	-0.254803	82.566640	1.565992	0.009757	2.1
1888	-0.201257	81.640479	1.580123	0.005496	1.8
1889	-0.223069	81.609208	1.580604	0.008981	1.8
1890	-0.213384	82.009374	1.574464	0.005827	1.8
1891	-0.218373	81.553889	1.581457	0.012120	1.9
1892	-0.225162	80.627804	1.595868	0.009268	1.8
1893	-0.205236	81.627803	1.580318	0.008333	1.8
1894	-0.219649	82.627282	1.565076	0.005659	1.8
1895	-0.272174	81.717200	1.578942	0.012922	2.5
1896	-0.202999	80.791262	1.593305	0.010118	2.0
1897	-0.245075	81.791262	1.577805	0.007396	2.0
1898	-0.238121	80.865090	1.592150	0.007341	1.8
1899	-0.214883	81.276955	1.585739	0.009638	1.8
1900	-0.224378	82.275890	1.570401	0.012129	1.8
1901	-0.238663	81.392035	1.583957	0.004556	1.8
1902	-0.207764	80.467323	1.598392	0.011188	1.8
1903	-0.225321	81.458889	1.582923	0.010592	2.0
1904	-0.210954	80.533246	1.597354	0.011975	1.9
1905	-0.236670	81.533246	1.581775	0.008381	1.9
1906	-0.252895	80.608327	1.596174	0.009891	1.8
1907	-0.219844	81.594981	1.580823	0.009457	1.8
1908	-0.265862	80.775692	1.593549	0.008994	1.7
1909	-0.224990	80.039105	1.605166	0.008201	1.8
1910	-0.239737	81.038235	1.589449	0.009063	1.8
1911	-0.240205	80.112283	1.604004	0.014481	1.8
1912	-0.210450	81.112283	1.588296	0.018399	1.8
1913	-0.232630	80.186060	1.602835	0.009305	1.8
1914	-0.216511	81.186060	1.587149	0.007840	1.8
1915	-0.263411	80.416711	1.599190	0.007924	2.2
1916	-0.216847	80.995520	1.590114	0.017424	2.5
1917	-0.231505	81.995520	1.574676	0.004977	1.8
1918	-0.214602	82.995091	1.559540	0.012339	1.8
1919	-0.199313	82.092961	1.573187	0.002575	1.8
1920	-0.278890	81.336748	1.584812	0.004568	2.0
1921	-0.227237	81.829862	1.577213	0.003604	1.9
1922	-0.268689	81.437735	1.583250	0.004239	1.8
1923	-0.226170	81.629897	1.580286	0.007564	1.8
1924	-0.213794	81.661721	1.579796	0.007177	1.9
1925	-0.204300	82.614352	1.565271	0.011000	2.7
1926	-0.211644	81.689282	1.579372	0.006411	1.8
1927	-0.204750	81.249153	1.586170	0.015737	1.8
1928	-0.221044	80.323309	1.600664	0.008260	1.8
1929	-0.212491	79.397105	1.615431	0.006901	1.8
1930	-0.255015	78.472425	1.630447	0.005732	1.8
1931	-0.227173	77.551819	1.645678	0.008720	1.8
1932	-0.269207	77.444099	1.647479	0.008085	1.8
1933	-0.243230	78.312199	1.633078	0.008076	1.8
1934	-0.250294	77.386098	1.648450	0.002378	1.8
1935	-0.223353	77.810466	1.641370	0.002180	1.8
1936	-0.238706	77.886311	1.640111	0.007708	1.7
1937	-0.219433	78.060024	1.637235	0.009414	1.8
1938	-0.237231	79.058394	1.620899	0.006973	1.9
1939	-0.228411	80.056638	1.604888	0.003382	1.9
1940	-0.200495	80.153673	1.603348	0.011494	1.9
1941	-0.242231	81.071834	1.588926	0.014707	1.8
1942	-0.186161	80.145611	1.603476	0.015349	1.9
1943	-0.214879	79.219388	1.618295	0.017321	1.9
1944	-0.201800	78.293166	1.633391	0.010203	1.8
1945	-0.229798	77.366943	1.648771	0.007017	1.8
1946	-0.227781	78.365852	1.632196	0.007022	1.9
1947	-0.231096	77.460574	1.647203	0.010585	1.8
1948	-0.240916	76.534542	1.662842	0.008698	1.8
1949	-0.253654	75.609653	1.678761	0.003887	1.9
1950	-0.189396	75.455196	1.681450	0.007855	1.8
1951	-0.248290	75.257442	1.684904	0.004958	1.9
1952	-0.252004	74.340417	1.701110	0.003363	1.8
1953	-0.258295	74.416480	1.699754	0.008895	1.7
1954	-0.250824	73.764619	1.711446	0.009163	1.8
1955	-0.195679	72.838927	1.728329	0.007052	2.3
1956	-0.230213	71.912895	1.745555	0.007256	2.0
1957	-0.209970	70.989976	1.763068	0.015130	1.9
1958	-0.205320	71.989974	1.744108	0.003507	1.9
1959	-0.203732	72.904826	1.727116	0.008723	2.0
1960	-0.212246	73.510592	1.716046	0.005198	1.8
1961	-0.194097	74.477271	1.698672	0.010383	2.0
1962	-0.227780	75.469819	1.681195	0.008857	2.0
1963	-0.241509	74.543604	1.697492	0.010437	2.0
1964	-0.251819	73.617384	1.714109	0.011646	1.7
1965	-0.246421	74.617383	1.696183	0.008033	1.8
1966	-0.203613	73.691163	1.712774	0.006901	2.2
1967	-0.213714	72.765498	1.729683	0.007541	2.0
1968	-0.208963	71.866282	1.746431	0.005698	2.1
1969	-0.253455	71.093902	1.761078	0.008917	1.9
1970	-0.228668	72.091036	1.742214	0.013613	2.2
1971	-0.225701	73.090377	1.723710	0.010564	2.3
1972	-0.220512	72.164154	1.740847	0.004860	4.2
1973	-0.216608	73.045875	1.724526	0.007120	2.2
1974	-0.246883	73.928525	1.708491	0.006796	1.8
1975	-0.237972	73.003943	1.725295	0.014465	1.9
1976	-0.239208	74.003487	1.707143	0.012560	1.8
1977	-0.220766	73.077264	1.723951	0.006681	1.8
1978	-0.211339	72.173236	1.740677	0.008298	1.9
1979	-0.259629	72.052627	1.742934	0.008682	1.8
1980	-0.274499	71.595661	1.751535	0.005334	1.8
1981	-0.220385	70.673130	1.769161	0.011975	1.8
1982	-0.215517	70.003350	1.782182	0.007166	1.7
1983	-0.249468	71.003294	1.762812	0.010637	1.8
1984	-0.226165	70.077204	1.780737	0.009764	1.7
1985	-0.209606	69.151333	1.799026	0.005863	1.8
1986	-0.227469	70.140336	1.779504	0.003247	1.8
1987	-0.215817	69.720892	1.787731	0.007723	1.7
1988	-0.202189	68.878856	1.804479	0.007011	1.8
1989	-0.220339	69.175847	1.798536	0.012856	1.7
1990	-0.216070	68.704849	1.807980	0.012973	1.7
1991	-0.238601	67.778626	1.826842	0.002854	1.8
1992	-0.241135	68.351605	1.815127	0.013556	1.8
1993	-0.215680	68.772629	1.806615	0.010990	1.8
1994	-0.207976	67.846406	1.825449	0.010960	1.8
1995	-0.249218	68.846400	1.805131	0.006853	1.8
1996	-0.213875	68.189261	1.818431	0.013780	1.8
1997	-0.236115	69.189253	1.798269	0.009923	2.0
1998	-0.227007	70.187274	1.778588	0.009578	1.8
1999	-0.188034	71.186964	1.759300	0.009114	1.9
