1:ItNr	2:Metric	3a:Time	3b:StepSize	4:||Gradient||	Time[ms]
0	-0.150187	0.000000	18.737469	0.004047	1421.1
1	-0.152342	0.000000	18.737469	0.008734	6.9
2	-0.156387	0.996142	17.888903	0.010637	6.4
3	-0.158185	0.759675	18.083305	0.010345	7.1
4	-0.164782	0.527036	18.278729	0.005484	6.8
5	-0.149523	0.289963	18.482270	0.003844	6.6
6	-0.156228	0.729989	18.108009	0.008033	6.7
7	-0.152067	1.257178	17.679099	0.017230	6.4
8	-0.158146	2.257178	16.918942	0.007316	7.6
9	-0.156110	2.090502	17.041070	0.011345	7.9
10	-0.154702	3.088803	16.334845	0.011814	6.8
11	-0.176664	4.088803	15.683763	0.006430	6.6
12	-0.155745	3.851724	15.833382	0.012448	6.4
13	-0.153341	4.851724	15.220913	0.013911	6.7
14	-0.140911	5.851724	14.654063	0.009405	6.5
15	-0.150582	6.851724	14.127917	0.012210	6.7
16	-0.152580	6.614644	14.249209	0.015384	7.0
17	-0.155091	7.614644	13.751240	0.022391	6.5
18	-0.156743	8.614644	13.286901	0.015286	6.4
19	-0.150510	9.614644	12.852896	0.009845	6.7
20	-0.158791	9.377565	12.953205	0.006766	6.4
21	-0.142398	10.377564	12.540388	0.014792	7.0
22	-0.147469	10.144501	12.634232	0.017114	6.4
23	-0.142286	9.907422	12.731144	0.004778	6.8
24	-0.156279	10.907422	12.332142	0.021218	6.5
25	-0.147059	10.670343	12.424458	0.014329	7.2
26	-0.177521	11.670343	12.044160	0.014721	6.4
27	-0.160273	12.670343	11.686452	0.004598	6.4
28	-0.141932	12.433273	11.769319	0.020102	6.6
29	-0.150649	13.265517	11.483464	0.012206	9.7
30	-0.161340	14.265517	11.157836	0.005896	7.8
31	-0.158307	14.028446	11.233352	0.013356	7.0
32	-0.149957	14.042892	11.228721	0.010452	6.5
33	-0.145502	15.042892	10.917183	0.006616	7.0
34	-0.149679	16.042886	10.622467	0.020925	6.4
35	-0.159619	15.805807	10.690890	0.012023	6.7
36	-0.150382	16.805807	10.408106	0.014156	6.3
37	-0.149497	16.568749	10.473781	0.007265	6.3
38	-0.172366	17.568383	10.202316	0.011209	6.4
39	-0.160154	17.331412	10.265389	0.009421	6.4
40	-0.153172	17.094573	10.329210	0.008124	6.4
41	-0.149530	18.094573	10.064999	0.012888	6.4
42	-0.165906	17.857495	10.126408	0.014398	6.9
43	-0.157924	18.857495	9.872343	0.006469	6.6
44	-0.163222	19.857495	9.630714	0.015106	6.5
45	-0.150389	20.857495	9.400631	0.013581	7.0
46	-0.147859	20.620416	9.454179	0.007289	6.4
47	-0.143488	21.620416	9.232356	0.009735	6.4
48	-0.150540	21.383340	9.283998	0.011457	7.3
49	-0.150615	21.146260	9.336222	0.013302	6.8
50	-0.155576	20.909181	9.389037	0.008641	6.4
51	-0.171024	21.909180	9.170225	0.011786	6.6
52	-0.156424	22.900755	8.963100	0.008288	6.4
53	-0.159667	23.900755	8.763479	0.008322	7.0
54	-0.153629	24.900753	8.572557	0.013067	6.6
55	-0.148494	25.900753	8.389777	0.006319	6.5
56	-0.157551	25.663766	8.432385	0.008870	6.8
57	-0.163160	26.661534	8.255858	0.007485	6.6
58	-0.151298	26.424465	8.297128	0.008352	6.8
59	-0.160870	27.423268	8.125987	0.014587	6.3
60	-0.156183	28.423267	7.961571	0.015420	6.6
61	-0.174280	29.423261	7.803677	0.004913	7.0
62	-0.157340	30.423257	7.651924	0.010858	6.6
63	-0.156035	30.187216	7.687209	0.010600	6.5
64	-0.150642	29.957435	7.721873	0.011115	6.7
65	-0.168775	30.941747	7.575541	0.006621	7.2
66	-0.148943	30.704668	7.610277	0.009605	6.4
67	-0.144811	30.469415	7.645062	0.004254	7.0
68	-0.154155	31.148009	7.545577	0.004587	6.4
69	-0.132394	30.983098	7.569515	0.010409	6.4
70	-0.138874	30.746025	7.604195	0.009529	6.6
71	-0.157158	30.508947	7.639194	0.010093	6.4
72	-0.156292	30.271872	7.674517	0.010271	6.6
73	-0.157228	31.271871	7.527698	0.014627	6.5
74	-0.154749	31.036880	7.561692	0.005588	6.5
75	-0.143642	32.036880	7.419117	0.007169	7.8
76	-0.149106	32.519763	7.352178	0.009738	6.5
77	-0.170075	32.282740	7.384884	0.008182	6.5
78	-0.151130	33.282725	7.248841	0.007057	6.3
79	-0.158479	33.045655	7.280638	0.009234	6.7
80	-0.159747	32.808593	7.312714	0.009917	6.7
81	-0.164157	33.808593	7.179291	0.009595	6.4
82	-0.148880	34.466990	7.094072	0.006271	6.6
83	-0.149945	35.194786	7.002195	0.010406	6.9
84	-0.170706	34.957707	7.031862	0.010039	6.6
85	-0.151818	35.957707	6.908404	0.013022	6.8
86	-0.160621	35.720628	6.937279	0.006051	7.8
87	-0.148830	36.319401	6.864811	0.003997	6.6
88	-0.159337	36.726928	6.816348	0.016053	7.0
89	-0.156530	36.489850	6.844458	0.013506	7.2
90	-0.155105	37.387503	6.739231	0.013073	6.3
91	-0.178746	38.387502	6.625752	0.007647	6.8
92	-0.163989	39.387490	6.516032	0.007758	6.6
93	-0.170458	39.154510	6.541269	0.011469	6.4
94	-0.132836	38.917623	6.567130	0.007976	6.7
95	-0.156215	38.680544	6.593218	0.004775	6.8
96	-0.152832	38.703376	6.590697	0.010156	7.2
97	-0.162723	38.469795	6.616583	0.007260	6.4
98	-0.147139	38.232850	6.643051	0.021365	6.7
99	-0.146794	39.232850	6.532762	0.015822	7.1
100	-0.165278	40.232850	6.426074	0.015722	6.5
101	-0.170501	41.232850	6.322816	0.011014	6.3
102	-0.160849	40.995773	6.346995	0.012868	9.2
103	-0.149555	41.995773	6.246242	0.013810	8.2
104	-0.161417	42.995773	6.148638	0.007695	6.4
105	-0.153140	43.995767	6.054038	0.011224	6.8
106	-0.152416	44.995636	5.962316	0.016023	7.3
107	-0.147999	44.758557	5.983812	0.008682	6.8
108	-0.151988	45.757487	5.894273	0.016766	6.8
109	-0.142445	45.520408	5.915280	0.005785	6.7
110	-0.175149	45.283329	5.936438	0.003952	6.8
111	-0.142440	45.066505	5.955920	0.018094	6.5
112	-0.165259	44.829824	5.977334	0.016134	6.4
113	-0.156613	45.829824	5.887893	0.006683	6.8
114	-0.155450	45.592744	5.908855	0.005622	6.3
115	-0.156257	45.355691	5.929964	0.009822	6.4
116	-0.159293	46.217717	5.853916	0.012013	6.4
117	-0.165219	46.720134	5.810485	0.006871	6.5
118	-0.156999	46.542117	5.825800	0.011712	6.7
119	-0.161448	47.542069	5.740808	0.007751	6.9
120	-0.159519	48.542069	5.658256	0.010937	6.5
121	-0.157970	48.305138	5.677600	0.017423	6.4
122	-0.159923	49.305138	5.596843	0.008537	6.3
123	-0.152390	49.068058	5.615781	0.014531	11.8
124	-0.153065	50.068058	5.536761	0.002751	6.5
125	-0.155516	51.065605	5.460120	0.006624	6.8
126	-0.158490	51.969887	5.392455	0.019725	6.5
127	-0.145721	51.732807	5.410032	0.004767	6.7
128	-0.148981	52.732807	5.336659	0.003877	6.5
129	-0.158169	52.567631	5.348641	0.011137	7.0
130	-0.142202	53.378647	5.290320	0.007257	8.5
131	-0.148138	54.378645	5.220137	0.009070	7.1
132	-0.164182	54.141566	5.236607	0.009731	6.4
133	-0.157079	55.141565	5.167832	0.009309	7.2
134	-0.168683	54.904486	5.183973	0.005681	7.0
135	-0.157040	54.669360	5.200082	0.012600	6.6
136	-0.140565	54.432281	5.216425	0.006860	7.1
137	-0.162885	55.432279	5.148176	0.018451	6.3
138	-0.151418	56.432279	5.081690	0.006292	6.4
139	-0.152309	57.431746	5.016933	0.008772	6.4
140	-0.151188	57.562757	5.008567	0.012721	6.8
141	-0.158012	58.562747	4.945617	0.008775	6.4
142	-0.160503	59.562747	4.884228	0.011776	7.0
143	-0.156496	59.325744	4.898639	0.004849	6.7
144	-0.147133	60.325736	4.838405	0.005975	6.6
145	-0.157830	60.116746	4.850871	0.013011	6.4
146	-0.167233	60.514341	4.827210	0.008883	9.1
147	-0.153264	60.277262	4.841291	0.011381	7.3
148	-0.162507	61.277262	4.782449	0.004856	6.8
149	-0.163639	62.277261	4.725021	0.011316	6.7
150	-0.140284	63.277254	4.668957	0.014224	6.6
151	-0.153912	64.277253	4.614206	0.006656	6.6
152	-0.161820	64.041460	4.627000	0.013405	6.4
153	-0.157677	63.810289	4.639612	0.006056	6.5
154	-0.181560	64.809812	4.585569	0.018667	6.5
155	-0.152311	64.572733	4.598274	0.014862	6.7
156	-0.162721	64.335653	4.611049	0.006976	7.1
157	-0.144722	65.335653	4.557640	0.007588	9.6
158	-0.162643	66.335576	4.505459	0.017806	6.8
159	-0.167439	67.335576	4.454455	0.003963	6.8
160	-0.146405	67.098628	4.466436	0.006757	6.9
161	-0.134341	66.865370	4.478293	0.008532	7.0
162	-0.153439	66.628329	4.490407	0.007704	6.9
163	-0.139106	67.304083	4.456044	0.005514	6.7
164	-0.153569	67.067012	4.468039	0.006028	6.5
165	-0.160713	67.028385	4.470000	0.013431	6.8
166	-0.145229	66.791360	4.482068	0.010677	7.2
167	-0.168326	67.791360	4.431589	0.005847	6.4
168	-0.155239	68.791359	4.382235	0.012912	6.5
169	-0.162177	68.554334	4.393834	0.014134	6.9
170	-0.146137	69.554334	4.345312	0.006388	6.6
171	-0.146997	69.317256	4.356718	0.016421	6.6
172	-0.158444	69.519951	4.346963	0.017577	6.4
173	-0.158543	70.519951	4.299465	0.012826	6.6
174	-0.158685	71.519951	4.252995	0.008937	10.1
175	-0.158145	72.519822	4.207523	0.005736	6.7
176	-0.159176	72.683452	4.200174	0.007923	6.5
177	-0.143356	72.446441	4.210828	0.006619	6.5
178	-0.159488	73.446429	4.166244	0.009132	6.4
179	-0.151831	74.432755	4.123184	0.009131	6.9
180	-0.155115	75.432754	4.080427	0.011563	6.3
181	-0.158943	75.402977	4.081688	0.008127	6.8
182	-0.148428	75.165897	4.091750	0.015868	6.6
183	-0.153263	76.165897	4.049639	0.011558	6.6
184	-0.145500	77.164802	4.008431	0.003292	6.5
185	-0.150507	77.471083	3.995963	0.005305	6.9
186	-0.164448	77.365067	4.000270	0.002968	7.6
187	-0.143944	77.563032	3.992236	0.016048	6.6
188	-0.142671	78.562972	3.952140	0.013071	6.3
189	-0.145324	78.325893	3.961574	0.010561	6.5
190	-0.152779	79.325893	3.922087	0.013908	6.8
191	-0.142346	79.088824	3.931376	0.006603	6.5
192	-0.154111	80.088731	3.892490	0.003030	6.3
193	-0.155634	80.870396	3.862622	0.002674	6.5
194	-0.150788	80.748653	3.867244	0.007627	6.3
195	-0.148544	80.546507	3.874942	0.010704	6.4
196	-0.139973	81.546506	3.837155	0.006177	6.5
197	-0.157076	81.309427	3.846047	0.007065	6.5
198	-0.161849	82.305944	3.808947	0.017283	6.7
199	-0.156539	83.305941	3.772430	0.007151	6.8
200	-0.144493	84.305941	3.736606	0.011090	6.6
201	-0.148278	84.068862	3.745038	0.009807	6.4
202	-0.149407	85.068862	3.709730	0.006178	6.4
203	-0.147873	84.898145	3.715710	0.003828	6.5
204	-0.164008	85.723258	3.686983	0.009590	12.1
205	-0.148409	85.486230	3.695190	0.007655	7.0
206	-0.162898	85.249340	3.703429	0.013556	7.9
207	-0.137748	86.222124	3.669829	0.009244	7.2
208	-0.151371	87.222015	3.635922	0.008521	6.9
209	-0.151634	86.985174	3.643897	0.011320	6.7
210	-0.157248	87.985174	3.610462	0.009878	6.6
211	-0.148017	87.748095	3.618333	0.007156	6.7
212	-0.167341	88.748084	3.585364	0.008158	7.7
213	-0.155013	88.513725	3.593037	0.008772	6.5
214	-0.151958	89.513725	3.560525	0.004265	6.5
215	-0.147050	89.533785	3.559878	0.007917	6.4
216	-0.160381	89.297090	3.567518	0.007543	6.4
217	-0.151724	90.297086	3.535464	0.012434	6.2
218	-0.163063	91.289426	3.504220	0.020811	7.5
219	-0.161546	92.289426	3.473288	0.004967	6.4
220	-0.157166	93.289426	3.442898	0.008464	6.7
221	-0.156078	93.061048	3.449792	0.010186	6.5
222	-0.150975	94.061043	3.419809	0.013878	6.5
223	-0.135045	94.923135	3.394377	0.007532	6.3
224	-0.150599	94.686056	3.401333	0.013213	6.4
225	-0.164892	94.448977	3.408318	0.008816	6.3
226	-0.163922	95.445958	3.379137	0.011445	6.5
227	-0.153652	95.602912	3.374588	0.008796	6.4
228	-0.147640	95.365833	3.381464	0.010042	6.3
229	-0.154766	96.365791	3.352654	0.017037	6.6
230	-0.155409	97.365791	3.324329	0.010650	7.0
231	-0.164943	98.365791	3.296479	0.009553	7.1
232	-0.161626	98.312693	3.297946	0.006026	6.5
233	-0.157950	98.075702	3.304510	0.013020	6.6
234	-0.157348	97.838623	3.311102	0.015035	7.7
235	-0.145842	97.607149	3.317564	0.005347	6.8
236	-0.154663	97.370267	3.324203	0.006550	6.3
237	-0.169093	97.960338	3.307715	0.015492	6.9
238	-0.153863	97.723583	3.314311	0.007816	6.4
239	-0.153627	98.723583	3.286628	0.003185	6.5
240	-0.151900	98.537262	3.291751	0.010304	6.4
241	-0.155981	99.536344	3.264466	0.006487	6.4
242	-0.150080	100.536342	3.237606	0.003378	6.5
243	-0.149536	100.300701	3.243896	0.002548	6.6
244	-0.161673	100.316234	3.243481	0.019319	6.9
245	-0.157060	100.118382	3.248779	0.011743	6.5
246	-0.152750	101.118321	3.222177	0.004148	8.2
247	-0.164200	100.883029	3.228397	0.003636	8.4
248	-0.158762	101.206473	3.219853	0.005850	6.5
249	-0.155883	101.016833	3.224857	0.009972	6.7
250	-0.158193	100.779842	3.231133	0.005915	6.5
251	-0.146491	101.201065	3.219995	0.005817	6.3
252	-0.165082	101.971179	3.199830	0.010160	6.9
253	-0.151673	101.740411	3.205846	0.007369	6.8
254	-0.146233	102.740411	3.179938	0.011833	6.4
255	-0.143164	102.505005	3.185999	0.016037	6.3
256	-0.156750	102.691466	3.181196	0.015189	6.5
257	-0.151100	102.454387	3.187305	0.003895	7.5
258	-0.157181	102.217373	3.193436	0.010909	6.5
259	-0.153813	102.009674	3.198828	0.009197	6.8
260	-0.148164	103.009624	3.173035	0.006875	6.6
261	-0.163561	103.117459	3.170278	0.015632	6.3
262	-0.159072	102.880380	3.176345	0.010684	9.2
263	-0.149338	103.880380	3.150910	0.006502	7.4
264	-0.163881	104.073236	3.146052	0.007893	6.5
265	-0.149813	105.048418	3.121712	0.005228	6.4
266	-0.158220	106.048279	3.097144	0.004956	6.5
267	-0.148103	106.973065	3.074763	0.011140	6.9
268	-0.159085	106.735987	3.080470	0.009363	7.2
269	-0.161894	107.735987	3.056541	0.007862	6.6
270	-0.169279	107.498919	3.062180	0.009191	6.7
271	-0.165066	107.261840	3.067840	0.008030	6.9
272	-0.156146	108.260675	3.044134	0.004956	6.6
273	-0.151538	108.258737	3.044180	0.002952	6.3
274	-0.150773	108.313339	3.042894	0.005214	7.9
275	-0.159337	109.119084	3.024052	0.006474	6.4
276	-0.170472	108.980628	3.027273	0.016326	7.0
277	-0.154832	109.980628	3.004161	0.011915	6.6
278	-0.162688	110.980512	2.981401	0.011512	6.4
279	-0.158073	110.920910	2.982748	0.009032	6.8
280	-0.147437	111.920909	2.960308	0.007143	6.6
281	-0.143705	112.583511	2.945624	0.005308	7.6
282	-0.174104	113.260914	2.930762	0.010342	8.5
283	-0.153904	113.023842	2.935947	0.006385	7.0
284	-0.154448	114.023756	2.914205	0.010734	6.4
285	-0.141026	113.786677	2.919330	0.006175	8.7
286	-0.156756	114.783084	2.897908	0.006323	6.6
287	-0.167773	115.123422	2.890662	0.008208	7.1
288	-0.151696	115.205681	2.888917	0.012942	6.3
289	-0.142439	116.204828	2.867879	0.010358	6.4
290	-0.138408	115.967786	2.872842	0.016717	6.4
291	-0.164479	115.730707	2.877824	0.016756	6.5
292	-0.144788	115.493628	2.882822	0.003296	7.2
293	-0.166743	115.257388	2.887820	0.008544	6.7
294	-0.152381	116.144543	2.869140	0.008001	6.3
295	-0.165614	117.144508	2.848371	0.006481	6.5
296	-0.163723	116.937831	2.852639	0.012884	8.1
297	-0.149032	117.908525	2.832705	0.012450	6.6
298	-0.161072	117.671446	2.837548	0.004728	6.4
299	-0.153227	117.649575	2.837995	0.008277	6.8
300	-0.142955	118.175866	2.827263	0.013752	6.7
301	-0.161364	119.175866	2.807094	0.004537	7.2
302	-0.153956	118.949291	2.811639	0.009294	7.5
303	-0.148114	118.926178	2.812103	0.007832	6.9
304	-0.144191	119.926178	2.792149	0.007365	6.8
305	-0.138256	119.689104	2.796854	0.007358	6.4
306	-0.150108	120.689048	2.777115	0.008046	6.5
307	-0.147258	120.452405	2.781761	0.005680	6.3
308	-0.164931	120.215329	2.786432	0.008314	7.1
309	-0.151046	121.154009	2.768032	0.009498	6.4
310	-0.156660	122.154009	2.748696	0.006832	6.4
311	-0.136280	121.917329	2.753248	0.011563	6.4
312	-0.151627	121.687509	2.757682	0.004572	6.4
313	-0.149312	121.450431	2.762272	0.009955	6.5
314	-0.149338	121.479770	2.761703	0.008311	6.4
315	-0.157419	121.257942	2.766010	0.014869	6.6
316	-0.155470	121.020949	2.770625	0.008791	9.8
317	-0.152124	122.020949	2.751253	0.008019	6.4
318	-0.152703	121.790730	2.755689	0.013070	7.3
319	-0.159937	122.790720	2.736525	0.010781	6.4
320	-0.170531	122.553640	2.741044	0.007364	6.8
321	-0.164768	122.316652	2.745577	0.005199	6.7
322	-0.147760	122.402921	2.743925	0.008803	6.4
323	-0.157175	123.402664	2.724928	0.012956	6.4
324	-0.155274	123.165593	2.729409	0.007588	6.6
325	-0.159038	122.954725	2.733407	0.012185	6.6
326	-0.141815	122.717839	2.737912	0.016021	6.4
327	-0.147807	123.717839	2.718993	0.006607	7.2
328	-0.140903	123.480762	2.723455	0.005860	6.8
329	-0.136797	124.465207	2.705024	0.008345	7.1
330	-0.147988	124.590486	2.702696	0.012362	6.9
331	-0.174362	124.353417	2.707104	0.005943	6.4
332	-0.146277	125.353237	2.688610	0.009299	6.5
333	-0.171915	126.037421	2.676100	0.011296	6.4
334	-0.156199	126.484976	2.667979	0.012359	6.3
335	-0.159887	127.484967	2.650011	0.019420	6.3
336	-0.147176	127.247888	2.654249	0.002487	6.8
337	-0.142824	127.318054	2.652994	0.005510	6.6
338	-0.168068	128.063980	2.639718	0.004464	6.4
339	-0.146783	129.058456	2.622224	0.007462	6.3
340	-0.156233	129.481132	2.614858	0.007158	7.6
341	-0.167676	130.191336	2.602575	0.010776	6.4
342	-0.143018	131.191336	2.585475	0.012706	6.5
343	-0.142589	132.191336	2.568597	0.012164	6.3
344	-0.159167	131.954538	2.572574	0.005777	6.4
345	-0.152910	132.954535	2.555864	0.009681	6.4
346	-0.167307	133.954525	2.539370	0.005312	6.7
347	-0.164058	133.717449	2.543261	0.007068	7.9
348	-0.165135	134.717270	2.526931	0.005446	6.9
349	-0.155976	135.580565	2.512999	0.005827	6.3
350	-0.154313	135.956774	2.506976	0.003465	6.3
351	-0.169013	136.821934	2.493233	0.010138	7.7
352	-0.161683	136.606585	2.496640	0.010978	7.2
353	-0.157752	136.740027	2.494528	0.005976	6.5
354	-0.147492	136.787717	2.493774	0.012540	6.3
355	-0.151665	136.550638	2.497526	0.018495	6.3
356	-0.157465	136.313559	2.501290	0.012804	6.7
357	-0.147010	137.313559	2.485490	0.005721	8.4
358	-0.156264	137.078608	2.489185	0.013962	7.7
359	-0.160581	136.982772	2.490695	0.008103	6.5
360	-0.149812	136.745753	2.494437	0.017587	6.5
361	-0.142263	137.745531	2.478727	0.009229	7.4
362	-0.142056	138.745531	2.463210	0.006274	6.3
363	-0.156193	139.745529	2.447887	0.013357	6.3
364	-0.166325	140.745529	2.432753	0.004674	6.3
365	-0.159436	141.720539	2.418176	0.006283	6.9
366	-0.153732	142.047297	2.413329	0.005767	6.8
367	-0.159220	142.980568	2.399594	0.011329	6.6
368	-0.153670	142.747583	2.403009	0.019498	6.4
369	-0.151217	143.747583	2.388423	0.005213	6.4
370	-0.155607	144.747583	2.374013	0.011392	6.7
371	-0.160655	144.510504	2.377413	0.008212	6.4
372	-0.160187	144.405548	2.378922	0.008505	6.3
373	-0.151711	145.403810	2.364650	0.008097	7.2
374	-0.145470	146.397137	2.350619	0.008544	6.6
375	-0.168175	147.361191	2.337159	0.011743	6.6
376	-0.148397	147.124112	2.340455	0.016716	6.4
377	-0.154976	148.124112	2.326616	0.008735	6.8
378	-0.162459	149.124112	2.312940	0.007097	6.4
379	-0.156406	148.887034	2.316168	0.018453	6.8
380	-0.165138	148.649954	2.319404	0.005896	7.5
381	-0.152741	149.649954	2.305813	0.005195	6.6
382	-0.149797	150.149183	2.299087	0.011788	6.9
383	-0.149786	149.952249	2.301735	0.007340	6.4
384	-0.161274	149.715170	2.304932	0.006964	6.4
385	-0.140122	150.715164	2.291509	0.011711	6.6
386	-0.165023	151.715119	2.278242	0.008287	6.3
387	-0.142240	151.478040	2.281374	0.009922	6.3
388	-0.167011	151.875252	2.276132	0.007234	6.4
389	-0.153220	151.638189	2.279257	0.006773	15.0
390	-0.141870	151.401532	2.282386	0.004865	6.7
391	-0.158277	151.175236	2.285386	0.012281	9.3
392	-0.157637	151.197772	2.285087	0.004306	7.2
393	-0.150663	152.197739	2.271894	0.015390	9.7
394	-0.143452	153.197738	2.258852	0.011267	8.3
395	-0.147980	152.960659	2.261930	0.011586	8.0
396	-0.148652	153.960659	2.249002	0.006158	7.3
397	-0.159022	153.723617	2.252053	0.008079	7.8
398	-0.171867	154.720257	2.239280	0.010382	11.1
399	-0.149114	155.720106	2.226611	0.009631	8.9
400	-0.154772	155.483027	2.229602	0.017319	8.6
401	-0.162918	155.366033	2.231081	0.007867	9.0
402	-0.159155	156.366033	2.218502	0.006411	9.6
403	-0.149942	157.097688	2.209388	0.007730	9.5
404	-0.157576	156.878888	2.212105	0.005373	11.7
405	-0.157171	156.666473	2.214750	0.009125	9.4
406	-0.144291	157.665429	2.202367	0.013299	7.1
407	-0.163787	158.665429	2.190109	0.010669	9.1
408	-0.145965	159.665429	2.177986	0.013575	9.5
409	-0.171559	159.428350	2.180848	0.010146	9.2
410	-0.152428	159.191271	2.183718	0.013422	9.1
411	-0.159228	158.954191	2.186594	0.018703	8.5
412	-0.163839	159.954191	2.174511	0.002564	7.3
413	-0.152075	160.954173	2.162560	0.011050	11.4
414	-0.151190	160.717327	2.165379	0.007834	6.8
415	-0.154881	161.717327	2.153528	0.007264	6.7
416	-0.158123	161.502904	2.156058	0.006584	6.8
417	-0.149582	161.265826	2.158862	0.009737	6.6
418	-0.153772	162.265689	2.147084	0.006864	6.4
419	-0.144638	162.108450	2.148928	0.007844	6.5
420	-0.140926	161.871868	2.151708	0.010985	7.0
421	-0.163196	161.644453	2.154387	0.016746	6.6
422	-0.153551	162.644453	2.142656	0.008461	8.6
423	-0.143510	162.407466	2.145424	0.009266	6.5
424	-0.166153	163.407465	2.133790	0.011278	7.0
425	-0.165865	163.182674	2.136394	0.011392	6.4
426	-0.147778	162.945595	2.139148	0.013174	6.4
427	-0.146690	163.858416	2.128585	0.004917	6.8
428	-0.154318	163.621338	2.131318	0.018209	6.4
429	-0.150669	163.384373	2.134057	0.009864	6.5
430	-0.148160	164.383732	2.122553	0.006993	6.9
431	-0.158957	165.371141	2.111308	0.004154	6.5
432	-0.149989	166.368886	2.100065	0.007519	6.7
433	-0.150258	166.135346	2.102686	0.017304	6.4
434	-0.146055	167.135346	2.091509	0.011534	6.7
435	-0.166706	166.898267	2.094148	0.011924	6.4
436	-0.146457	166.664129	2.096761	0.005113	7.3
437	-0.166817	167.664117	2.085647	0.012069	6.9
438	-0.148267	167.464290	2.087859	0.005723	6.7
439	-0.160254	167.242222	2.090322	0.006500	6.5
440	-0.147950	168.081135	2.081048	0.009099	6.7
441	-0.179520	169.081099	2.070100	0.004138	7.1
442	-0.158752	169.815905	2.062128	0.006476	6.7
443	-0.151603	169.580749	2.064673	0.005087	6.4
444	-0.160746	169.343900	2.067242	0.013237	6.6
445	-0.151069	169.120921	2.069666	0.009420	6.4
446	-0.163881	168.889490	2.072189	0.016293	7.3
447	-0.149307	169.889490	2.061333	0.004113	10.4
448	-0.142742	169.652411	2.063897	0.008237	8.8
449	-0.159728	169.415710	2.066462	0.011634	12.3
450	-0.154942	169.178631	2.069038	0.009877	9.1
451	-0.155436	169.319919	2.067502	0.015257	10.3
452	-0.148863	169.734071	2.063013	0.013866	8.9
453	-0.167820	170.734071	2.052253	0.007496	8.9
454	-0.156036	170.501679	2.054744	0.010094	8.5
455	-0.151439	170.265236	2.057284	0.010090	9.5
456	-0.165492	170.028157	2.059837	0.005707	8.7
457	-0.159558	169.791078	2.062396	0.005202	8.8
458	-0.163570	170.303624	2.056871	0.005660	6.7
459	-0.147979	170.502686	2.054733	0.012965	6.3
460	-0.165814	171.502569	2.044060	0.009184	6.5
461	-0.146860	172.502209	2.033501	0.003097	6.4
462	-0.174874	172.265998	2.035986	0.009885	6.7
463	-0.157696	172.076359	2.037986	0.006738	6.7
464	-0.172872	173.076358	2.027485	0.008785	6.5
465	-0.162120	174.076052	2.017095	0.007277	6.5
466	-0.157265	175.023442	2.007346	0.003965	6.6
467	-0.158219	175.746504	1.999969	0.004347	6.7
468	-0.132795	176.358809	1.993764	0.007336	6.4
469	-0.148925	176.125258	1.996126	0.002504	7.4
470	-0.155100	175.891979	1.998491	0.009578	6.4
471	-0.155600	175.657393	2.000875	0.011529	6.8
472	-0.153508	175.420314	2.003290	0.022077	6.7
473	-0.147504	176.420314	1.993143	0.012924	6.4
474	-0.164004	177.420314	1.983098	0.009547	6.4
475	-0.154023	177.183235	1.985470	0.006061	6.5
476	-0.172322	178.166269	1.975670	0.014922	6.3
477	-0.141270	178.021288	1.977109	0.008004	12.5
478	-0.153668	179.021288	1.967225	0.006977	9.0
479	-0.154444	178.784349	1.969558	0.009439	6.4
480	-0.154300	179.461590	1.962904	0.011305	6.5
481	-0.154158	179.224511	1.965228	0.014111	6.5
482	-0.151021	180.224511	1.955462	0.009674	6.5
483	-0.155773	181.224511	1.945792	0.009414	6.5
484	-0.158815	181.194618	1.946080	0.004236	6.8
485	-0.148963	181.046998	1.947502	0.012085	6.4
486	-0.158199	180.810368	1.949785	0.007256	6.7
487	-0.151616	180.573289	1.952078	0.015967	7.8
488	-0.147715	181.573287	1.942442	0.008110	6.4
489	-0.161160	182.573287	1.932900	0.008391	6.8
490	-0.144415	182.337909	1.935138	0.008774	7.2
491	-0.154335	183.337905	1.925667	0.013043	7.5
492	-0.149579	183.100826	1.927904	0.007684	6.7
493	-0.148429	184.100826	1.918504	0.011492	6.5
494	-0.153131	183.863747	1.920725	0.010729	6.4
495	-0.165891	183.626668	1.922950	0.011812	6.5
496	-0.147434	183.994618	1.919498	0.010343	6.4
497	-0.156092	184.994004	1.910186	0.019055	6.4
498	-0.156653	185.994004	1.900958	0.008184	8.0
499	-0.160611	186.312959	1.898033	0.005246	8.6
500	-0.159016	187.312767	1.888923	0.015268	6.6
501	-0.151347	187.186726	1.890067	0.011235	6.6
502	-0.157178	188.186726	1.881032	0.005570	6.9
503	-0.160412	189.186710	1.872082	0.009891	6.5
504	-0.155197	190.095521	1.864023	0.007168	6.9
505	-0.158720	191.095520	1.855234	0.005225	9.3
506	-0.162832	190.858495	1.857310	0.010405	12.4
507	-0.141646	190.621439	1.859390	0.006605	6.6
508	-0.149501	191.621409	1.850645	0.015175	7.0
509	-0.155706	192.621409	1.841982	0.011594	7.1
510	-0.158852	193.621409	1.833400	0.003057	6.6
511	-0.155630	194.547553	1.825522	0.010140	21.2
512	-0.156119	194.310539	1.827532	0.008200	6.8
513	-0.145157	195.310539	1.819083	0.005658	6.5
514	-0.144526	195.209336	1.819935	0.009251	6.4
515	-0.153921	196.209286	1.811556	0.006043	7.4
516	-0.170430	197.209284	1.803254	0.003314	9.3
517	-0.161211	196.973153	1.805208	0.008627	8.6
518	-0.159409	197.946169	1.797185	0.007832	6.3
519	-0.166345	197.709092	1.799133	0.013056	7.1
520	-0.151047	198.706465	1.790966	0.011090	6.7
521	-0.160262	199.706465	1.782851	0.010916	6.7
522	-0.140754	199.469385	1.784769	0.011140	6.4
523	-0.138074	200.271675	1.778297	0.012148	9.0
524	-0.163326	200.034820	1.780203	0.010996	7.5
525	-0.150414	201.034820	1.772185	0.011213	6.6
526	-0.161916	200.797741	1.774080	0.011188	6.7
527	-0.155901	200.560662	1.775978	0.008323	6.9
528	-0.158161	200.886465	1.773370	0.008772	6.4
529	-0.154047	200.649386	1.775267	0.005438	8.2
530	-0.176491	200.695852	1.774895	0.008775	6.9
531	-0.162812	200.458775	1.776795	0.007198	6.8
532	-0.146874	200.221696	1.778699	0.021981	6.5
533	-0.152992	201.221696	1.770695	0.005316	6.7
534	-0.141270	202.221696	1.762763	0.007118	7.4
535	-0.164059	201.984797	1.764635	0.007597	9.1
536	-0.157946	202.865023	1.757697	0.008377	8.3
537	-0.153646	203.864573	1.749884	0.012275	7.3
538	-0.163028	204.864573	1.742136	0.017054	6.4
539	-0.159945	205.859206	1.734498	0.006080	7.5
540	-0.165543	205.622127	1.736313	0.012954	6.4
541	-0.152489	206.622127	1.728685	0.006080	8.5
542	-0.146055	206.418051	1.730236	0.007356	8.8
543	-0.151673	206.181055	1.732041	0.004464	6.8
544	-0.150703	206.430006	1.730145	0.018735	7.1
545	-0.156113	207.429866	1.722572	0.012699	6.4
546	-0.148756	208.429866	1.715064	0.004660	6.5
547	-0.171033	209.293825	1.708630	0.006865	6.6
548	-0.160330	209.068400	1.710304	0.014497	6.5
549	-0.141495	209.098188	1.710082	0.008806	6.5
550	-0.161088	210.089589	1.702746	0.007935	7.4
551	-0.151161	211.059461	1.695629	0.016905	6.9
552	-0.141687	212.059461	1.688354	0.013482	6.4
553	-0.174635	213.059461	1.681141	0.009541	6.3
554	-0.160666	212.822449	1.682845	0.013192	6.8
555	-0.172455	212.585370	1.684553	0.009964	6.4
556	-0.158664	212.440109	1.685601	0.004715	6.8
557	-0.160639	212.205286	1.687298	0.006513	6.9
558	-0.144801	213.169719	1.680349	0.006215	6.9
559	-0.155208	212.932660	1.682052	0.009572	6.7
560	-0.159513	213.932650	1.674892	0.007487	6.4
561	-0.148519	214.932623	1.667793	0.015791	6.6
562	-0.153891	214.695544	1.669471	0.006004	6.7
563	-0.163573	215.695535	1.662418	0.014221	7.5
564	-0.152798	216.695535	1.655424	0.006226	7.6
565	-0.152718	217.695531	1.648489	0.007064	8.0
566	-0.149125	217.458524	1.650127	0.005096	10.7
567	-0.140317	217.267518	1.651450	0.013374	6.9
568	-0.139457	218.267435	1.644548	0.006438	8.3
569	-0.160266	218.030362	1.646179	0.006702	6.7
570	-0.154057	219.010320	1.639458	0.012574	6.9
571	-0.179790	218.773241	1.641079	0.006638	6.9
572	-0.160154	218.536162	1.642703	0.008843	6.5
573	-0.150782	219.533111	1.635895	0.008893	6.7
574	-0.167809	219.320753	1.637340	0.003085	6.4
575	-0.161386	219.213464	1.638072	0.008999	6.4
576	-0.155917	219.107325	1.638796	0.008250	6.3
577	-0.155743	219.231552	1.637948	0.011178	6.4
578	-0.163500	218.994473	1.639566	0.005393	6.8
579	-0.155720	218.757395	1.641188	0.009941	7.6
580	-0.151090	219.757389	1.634371	0.003307	7.6
581	-0.145312	219.863175	1.633653	0.004677	6.3
582	-0.158384	219.636143	1.635194	0.006808	7.4
583	-0.155600	219.400846	1.636795	0.011914	6.3
584	-0.151616	219.164734	1.638404	0.009952	6.5
585	-0.152656	218.927655	1.640023	0.008046	7.2
586	-0.156947	218.690589	1.641645	0.007181	7.0
587	-0.162329	219.471288	1.636315	0.012324	6.7
588	-0.171771	219.234260	1.637930	0.007090	6.4
589	-0.174324	220.234259	1.631140	0.012604	7.1
590	-0.164582	220.658151	1.628279	0.014064	7.2
591	-0.152716	220.421091	1.629878	0.015068	7.3
592	-0.157985	221.421091	1.623154	0.004046	8.3
593	-0.149962	222.420720	1.616489	0.008986	7.3
594	-0.155921	223.417428	1.609897	0.003308	9.2
595	-0.154796	223.180539	1.611459	0.003391	8.5
596	-0.143067	223.078824	1.612130	0.013315	6.5
597	-0.156234	222.968187	1.612861	0.008266	6.6
598	-0.158685	223.968187	1.606277	0.006681	6.4
599	-0.168725	224.968158	1.599747	0.007173	6.5
600	-0.139463	224.737425	1.601249	0.018273	6.7
601	-0.140443	224.500575	1.602794	0.012961	6.7
602	-0.160827	224.263496	1.604343	0.009016	6.4
603	-0.164972	225.263487	1.597829	0.008840	6.7
604	-0.147768	226.263487	1.591367	0.018452	6.8
605	-0.151257	226.026408	1.592894	0.002493	6.9
606	-0.169863	226.972837	1.586814	0.007922	6.4
607	-0.165498	227.156526	1.585640	0.003981	6.5
608	-0.170622	226.920857	1.587147	0.008563	6.7
609	-0.146747	226.684349	1.588663	0.005038	7.3
610	-0.161783	227.632975	1.582601	0.008764	6.6
611	-0.159873	228.632934	1.576262	0.010405	6.4
612	-0.151839	228.689984	1.575902	0.007030	6.4
613	-0.152003	229.689645	1.569617	0.007323	6.4
614	-0.149636	229.452580	1.571103	0.009582	6.4
615	-0.156264	229.215504	1.572592	0.025682	7.2
616	-0.157770	230.215504	1.566332	0.015421	6.6
617	-0.142352	231.213960	1.560131	0.012100	6.7
618	-0.168714	232.213960	1.553970	0.009621	7.2
619	-0.157537	231.976881	1.555426	0.012355	6.8
620	-0.146020	231.739802	1.556885	0.015292	6.6
621	-0.153974	231.502723	1.558347	0.012114	6.3
622	-0.163875	232.502723	1.552200	0.010514	6.6
623	-0.150784	232.265644	1.553653	0.007447	8.0
624	-0.152842	232.029142	1.555105	0.008985	6.4
625	-0.142691	231.792084	1.556563	0.007578	6.4
626	-0.155897	231.555005	1.558024	0.009130	6.5
627	-0.165346	232.555003	1.551880	0.008046	6.9
628	-0.140474	232.728050	1.550821	0.005277	6.4
629	-0.158852	232.491599	1.552268	0.002515	6.3
630	-0.160611	232.317851	1.553332	0.008567	6.8
631	-0.153077	233.228859	1.547766	0.011488	6.4
632	-0.152986	234.228859	1.541702	0.012395	6.4
633	-0.154414	233.991780	1.543135	0.012639	6.6
634	-0.155797	233.754701	1.544571	0.007714	6.4
635	-0.146008	234.754666	1.538532	0.009397	6.8
636	-0.140895	235.708172	1.532818	0.004011	7.3
637	-0.154739	235.830217	1.532089	0.004543	6.4
638	-0.159353	236.151424	1.530176	0.009864	6.5
639	-0.157368	237.151212	1.524249	0.011285	6.4
640	-0.161991	236.914133	1.525651	0.006891	7.4
641	-0.146031	237.914133	1.519758	0.009195	6.5
642	-0.136597	237.677919	1.521146	0.009343	6.3
643	-0.152482	238.089862	1.518727	0.005710	6.3
644	-0.141355	239.069550	1.513006	0.009551	7.0
645	-0.169080	240.068270	1.507218	0.018395	6.5
646	-0.156134	239.831191	1.508588	0.012846	6.5
647	-0.156802	239.594112	1.509961	0.006512	6.8
648	-0.151641	240.594112	1.504188	0.004639	6.7
649	-0.159540	240.357696	1.505549	0.012364	6.8
650	-0.163022	241.357692	1.499811	0.005798	6.9
651	-0.159561	242.357654	1.494116	0.009920	6.4
652	-0.163589	242.150242	1.495293	0.018649	8.1
653	-0.162176	242.841509	1.491376	0.017102	6.5
654	-0.167842	243.841509	1.485745	0.004623	6.4
655	-0.167348	244.802166	1.480375	0.012152	7.1
656	-0.168393	244.565087	1.481696	0.011921	6.4
657	-0.149100	245.393474	1.477089	0.011600	6.4
658	-0.143027	246.393474	1.471565	0.007044	6.4
659	-0.144679	247.393474	1.466082	0.009247	6.5
660	-0.159557	248.393474	1.460640	0.013557	6.4
661	-0.150568	249.393474	1.455238	0.016118	6.7
662	-0.173755	249.156395	1.456515	0.015016	6.4
663	-0.166436	248.919316	1.457794	0.015148	6.4
664	-0.145642	249.919316	1.452413	0.007761	6.5
665	-0.169593	249.682237	1.453686	0.009806	6.5
666	-0.163381	249.445162	1.454960	0.007075	6.6
667	-0.157671	249.208093	1.456236	0.008332	6.4
668	-0.153288	248.971028	1.457515	0.014585	6.4
669	-0.159691	249.971028	1.452136	0.006792	6.4
670	-0.161574	250.970626	1.446799	0.006349	8.5
671	-0.161629	250.826187	1.447568	0.008732	6.6
672	-0.154256	251.825089	1.442268	0.008379	6.7
673	-0.156295	252.823029	1.437012	0.005225	7.8
674	-0.164475	252.940997	1.436393	0.009931	6.4
675	-0.154995	253.940713	1.431170	0.008611	6.5
676	-0.143160	254.940713	1.425983	0.009399	6.3
677	-0.152452	254.703662	1.427209	0.007850	6.9
678	-0.161963	255.356168	1.423840	0.011616	6.4
679	-0.166490	255.119089	1.425062	0.014606	6.6
680	-0.147119	254.882010	1.426287	0.008747	6.7
681	-0.141991	254.644931	1.427513	0.004214	6.8
682	-0.170585	255.326140	1.423994	0.005695	13.2
683	-0.173107	255.096807	1.425177	0.012248	6.7
684	-0.153021	255.399264	1.423618	0.005911	7.7
685	-0.154741	255.252026	1.424376	0.007776	6.4
686	-0.146774	255.020717	1.425570	0.003910	6.3
687	-0.153219	255.113619	1.425090	0.003652	6.6
688	-0.158374	254.992807	1.425714	0.009348	6.8
689	-0.165358	254.755758	1.426940	0.004381	6.4
690	-0.159337	255.755494	1.421785	0.015797	6.3
691	-0.161013	256.746005	1.416715	0.012059	6.2
692	-0.151006	256.508926	1.417925	0.006611	6.4
693	-0.165631	257.508926	1.412834	0.010020	6.5
694	-0.146622	257.271847	1.414038	0.018167	6.6
695	-0.149357	258.271847	1.408974	0.003705	6.5
696	-0.167649	258.034769	1.410171	0.006959	6.3
697	-0.146724	257.799937	1.411359	0.004918	6.8
698	-0.151727	257.563690	1.412556	0.005837	6.4
699	-0.150840	257.332984	1.413727	0.008630	6.5
700	-0.181142	258.284265	1.408912	0.005822	6.4
701	-0.147374	259.284036	1.403886	0.005916	6.4
702	-0.147594	259.065555	1.404981	0.005761	6.6
703	-0.150278	260.040831	1.400106	0.011592	6.4
704	-0.159344	259.949893	1.400559	0.002817	7.2
705	-0.165434	259.720796	1.401702	0.006839	6.4
706	-0.159654	260.068608	1.399967	0.014915	6.5
707	-0.145222	261.068605	1.395004	0.010007	6.4
708	-0.168017	262.068605	1.390076	0.006617	6.5
709	-0.154226	263.068605	1.385182	0.004067	7.2
710	-0.173832	263.886519	1.381206	0.007029	6.8
711	-0.156988	264.848892	1.376555	0.010158	6.5
712	-0.148908	264.833183	1.376631	0.007578	6.4
713	-0.158430	265.833167	1.371832	0.024013	6.7
714	-0.145492	265.596088	1.372967	0.007322	6.5
715	-0.151555	266.596088	1.368193	0.012144	7.0
716	-0.158759	267.595373	1.363455	0.006627	6.3
717	-0.152030	267.358294	1.364576	0.008893	6.4
718	-0.143395	268.358275	1.359860	0.010170	6.4
719	-0.161044	268.121196	1.360975	0.014694	6.5
720	-0.159392	267.884117	1.362092	0.005297	6.3
721	-0.171890	267.647161	1.363211	0.009153	6.7
722	-0.149044	267.629232	1.363295	0.012889	7.5
723	-0.140117	267.392153	1.364416	0.013046	6.3
724	-0.150631	268.392153	1.359701	0.006289	7.6
725	-0.155137	268.155074	1.360816	0.011000	7.3
726	-0.151233	269.155073	1.356126	0.009104	6.9
727	-0.156092	270.155073	1.351468	0.007982	7.5
728	-0.153187	269.917994	1.352570	0.008766	6.6
729	-0.136828	270.916967	1.347941	0.005971	6.6
730	-0.140956	271.002021	1.347548	0.012117	6.5
731	-0.150162	271.996874	1.342973	0.006854	6.7
732	-0.143649	272.996874	1.338405	0.003385	6.5
733	-0.165680	272.764521	1.339463	0.010281	6.4
734	-0.164132	273.602628	1.335653	0.007636	6.4
735	-0.157708	273.392330	1.336607	0.008755	8.8
736	-0.158713	274.392330	1.332082	0.009568	8.2
737	-0.169619	274.155251	1.333152	0.005600	6.6
738	-0.154864	274.770396	1.330379	0.017060	6.8
739	-0.171921	275.760094	1.325943	0.007547	6.8
740	-0.162487	275.523014	1.327003	0.022090	6.5
741	-0.155332	275.285935	1.328065	0.016253	6.4
742	-0.155472	276.285935	1.323597	0.003407	6.5
743	-0.149261	277.285874	1.319160	0.004842	6.3
744	-0.150628	277.682268	1.317409	0.004423	6.7
745	-0.156359	277.697976	1.317340	0.006609	6.4
746	-0.154593	277.794911	1.316913	0.014920	6.4
747	-0.153373	277.558542	1.317955	0.012888	6.4
748	-0.172090	277.321463	1.319003	0.014263	6.3
749	-0.156407	277.084384	1.320052	0.009288	6.4
750	-0.152120	278.084383	1.315638	0.005506	6.9
751	-0.174534	279.075069	1.311295	0.006631	6.4
752	-0.159022	279.561727	1.309171	0.007716	6.4
753	-0.160908	279.372892	1.309995	0.006344	6.5
754	-0.158778	279.135814	1.311029	0.010904	6.6
755	-0.148415	280.135653	1.306676	0.010883	6.4
756	-0.158253	279.919675	1.307614	0.003954	6.4
757	-0.156854	280.096937	1.306844	0.006724	6.4
758	-0.153781	281.058790	1.302683	0.004089	7.1
759	-0.158789	280.822083	1.303705	0.012861	7.0
760	-0.154037	280.585004	1.304729	0.009460	6.8
761	-0.155748	280.347925	1.305756	0.013454	6.7
762	-0.152855	281.161637	1.302240	0.010350	6.4
763	-0.156804	280.924560	1.303262	0.010958	6.3
764	-0.154628	281.924560	1.298960	0.007708	6.4
765	-0.163585	281.687480	1.299977	0.018772	6.5
766	-0.159542	281.451172	1.300993	0.004270	6.3
767	-0.145163	281.214094	1.302014	0.008987	6.7
768	-0.152577	282.005356	1.298613	0.007620	8.5
769	-0.153184	282.863649	1.294945	0.009076	6.6
770	-0.168624	282.626571	1.295957	0.010852	6.4
771	-0.151055	283.626571	1.291702	0.003653	7.9
772	-0.126454	283.389503	1.292708	0.006390	6.3
773	-0.162624	283.156782	1.293697	0.020224	6.3
774	-0.167118	284.156782	1.289458	0.006740	6.4
775	-0.155756	283.919704	1.290461	0.007076	6.5
776	-0.177743	284.919656	1.286242	0.003685	12.2
777	-0.164342	284.710567	1.287122	0.007337	6.8
778	-0.154072	284.475088	1.288114	0.006782	6.5
779	-0.160928	285.029798	1.285780	0.018188	6.9
780	-0.153819	284.792719	1.286776	0.008146	6.9
781	-0.155693	285.792719	1.282582	0.009567	7.1
782	-0.146915	286.792719	1.278415	0.005997	6.4
783	-0.153150	286.571493	1.279335	0.014631	6.4
784	-0.135982	286.334414	1.280321	0.008575	6.8
785	-0.152448	287.334414	1.276169	0.010023	6.3
786	-0.154240	287.097336	1.277151	0.011326	6.8
787	-0.163801	286.866900	1.278107	0.009047	6.4
788	-0.166854	287.866900	1.273969	0.006194	6.9
789	-0.153827	287.629821	1.274948	0.009572	6.4
790	-0.157655	288.629813	1.270830	0.017014	6.4
791	-0.164768	288.392734	1.271804	0.006535	6.2
792	-0.150670	288.155655	1.272779	0.008958	6.7
793	-0.160231	287.918580	1.273756	0.011607	6.7
794	-0.153580	288.916648	1.269654	0.011460	6.7
795	-0.147129	288.680719	1.270621	0.013249	6.4
796	-0.156421	289.680719	1.266531	0.016166	7.1
797	-0.154835	290.603981	1.262779	0.006192	8.0
798	-0.153606	291.557554	1.258926	0.003866	6.4
799	-0.155576	292.124901	1.256645	0.005664	6.7
800	-0.159761	293.105768	1.252721	0.014008	7.0
801	-0.163993	292.871154	1.253657	0.011983	6.6
802	-0.151833	292.634075	1.254605	0.005676	7.1
803	-0.146351	292.399189	1.255545	0.009088	6.5
804	-0.151910	293.398791	1.251553	0.009953	6.4
805	-0.159899	293.168189	1.252472	0.010907	6.5
806	-0.146586	292.931111	1.253418	0.005978	6.5
807	-0.150165	293.929202	1.249445	0.009427	6.3
808	-0.155909	293.738977	1.250201	0.008203	9.3
809	-0.146448	293.503845	1.251135	0.013822	6.6
810	-0.144203	294.503814	1.247170	0.008880	6.5
811	-0.151460	294.266735	1.248108	0.010862	6.3
812	-0.156643	295.266735	1.244161	0.017986	6.4
813	-0.159772	295.029662	1.245095	0.011929	6.3
814	-0.145080	296.029662	1.241167	0.006456	6.6
815	-0.135582	297.029662	1.237265	0.004406	6.7
816	-0.153389	297.686651	1.234714	0.012045	6.3
817	-0.153592	297.473746	1.235539	0.007464	6.8
818	-0.161814	297.236666	1.236460	0.011795	6.4
819	-0.149051	296.999587	1.237382	0.005923	6.6
820	-0.154153	297.999572	1.233503	0.002979	7.1
821	-0.142757	297.765894	1.234407	0.007079	6.6
822	-0.156331	297.684700	1.234721	0.006620	7.0
823	-0.165032	298.684667	1.230859	0.007510	7.2
824	-0.171269	299.684310	1.227022	0.009948	8.0
825	-0.157816	300.678992	1.223228	0.011925	6.4
826	-0.155428	301.678992	1.219437	0.005324	6.3
827	-0.160216	301.441913	1.220334	0.006503	6.4
828	-0.145502	301.204888	1.221232	0.007759	7.2
829	-0.151791	302.123077	1.217762	0.005856	6.3
830	-0.149379	302.656642	1.215754	0.007702	6.4
831	-0.162165	302.432438	1.216597	0.005464	6.3
832	-0.162085	303.095210	1.214109	0.016684	6.4
833	-0.164991	302.858132	1.214998	0.005299	7.0
834	-0.147184	302.621057	1.215888	0.012103	6.6
835	-0.143301	303.617171	1.212157	0.012593	6.4
836	-0.154728	303.380142	1.213042	0.008436	6.4
837	-0.150189	303.143063	1.213930	0.014505	6.6
838	-0.150102	302.905988	1.214818	0.005574	6.6
839	-0.167731	303.905978	1.211079	0.007656	6.7
840	-0.146557	304.902585	1.207376	0.008621	8.5
841	-0.151835	304.665505	1.208255	0.013150	6.5
842	-0.166539	305.665505	1.204556	0.011480	6.5
843	-0.154353	305.428426	1.205431	0.006781	6.6
844	-0.161196	305.191349	1.206307	0.012691	6.4
845	-0.140554	304.954270	1.207184	0.013221	6.4
846	-0.150969	305.954268	1.203492	0.009535	6.5
847	-0.149930	305.717189	1.204365	0.006292	6.5
848	-0.152744	305.553199	1.204970	0.004207	6.7
849	-0.160974	306.539681	1.201341	0.007986	6.9
850	-0.157259	306.302948	1.202210	0.007587	6.4
851	-0.146159	307.302945	1.198548	0.009875	6.6
852	-0.145416	308.243079	1.195126	0.010038	6.9
853	-0.147086	309.243079	1.191507	0.004492	6.3
854	-0.160711	310.021296	1.188706	0.008752	6.5
855	-0.149379	309.967980	1.188897	0.012355	6.7
856	-0.151908	310.967980	1.185316	0.010751	6.5
857	-0.171066	310.730901	1.186163	0.007619	6.4
858	-0.163727	311.730901	1.182598	0.007425	6.8
859	-0.161487	312.452562	1.180038	0.010078	7.1
860	-0.150307	312.220097	1.180862	0.006443	7.0
861	-0.165846	311.983017	1.181702	0.012094	7.2
862	-0.140806	312.983008	1.178164	0.008874	6.4
863	-0.172640	313.983008	1.174647	0.008090	6.3
864	-0.157850	313.745929	1.175479	0.011530	6.5
865	-0.153507	313.508850	1.176312	0.012335	6.5
866	-0.168191	313.271771	1.177146	0.025596	7.2
867	-0.148343	314.271771	1.173635	0.004700	6.4
868	-0.167088	315.271762	1.170145	0.020092	6.4
869	-0.150329	315.034948	1.170970	0.003153	6.5
870	-0.155020	314.814375	1.171739	0.006032	7.8
871	-0.155270	314.799527	1.171791	0.012023	6.4
872	-0.149108	315.799527	1.168312	0.005166	7.4
873	-0.147310	315.590000	1.169039	0.004942	6.6
874	-0.149439	315.363903	1.169825	0.005518	6.5
875	-0.161207	315.135786	1.170619	0.013821	6.5
876	-0.154049	314.978288	1.171167	0.013302	7.0
877	-0.154962	315.978288	1.167692	0.005716	7.0
878	-0.149568	315.743248	1.168507	0.017576	7.0
879	-0.157039	316.523630	1.165805	0.005497	6.5
880	-0.158564	316.286550	1.166625	0.014838	10.5
881	-0.160536	316.932887	1.164393	0.011005	8.8
882	-0.165295	316.695808	1.165211	0.006505	6.8
883	-0.165220	316.458749	1.166029	0.007814	6.7
884	-0.172818	317.410188	1.162751	0.006329	6.4
885	-0.143981	317.260047	1.163267	0.012599	6.9
886	-0.154852	318.257907	1.159846	0.011501	6.6
887	-0.163990	319.257907	1.156437	0.002746	6.8
888	-0.175563	320.255948	1.153055	0.007772	6.4
889	-0.152089	320.020240	1.153852	0.002929	6.5
890	-0.169820	320.953673	1.150702	0.013738	6.5
891	-0.157157	320.721437	1.151484	0.013019	6.4
892	-0.154818	320.484358	1.152284	0.011347	6.3
893	-0.151673	320.299687	1.152907	0.016784	6.5
894	-0.152543	321.299687	1.149539	0.009129	7.0
895	-0.154979	321.062608	1.150336	0.010671	8.3
896	-0.163967	321.772353	1.147954	0.003517	6.4
897	-0.149713	322.764155	1.144642	0.014437	6.7
898	-0.162360	322.530163	1.145422	0.007542	6.4
899	-0.160407	323.530163	1.142097	0.007667	7.2
900	-0.157275	323.293142	1.142883	0.012156	6.8
901	-0.156167	323.056250	1.143670	0.007513	6.8
902	-0.138687	322.819172	1.144459	0.010619	7.7
903	-0.170870	322.582094	1.145248	0.020063	6.5
904	-0.162654	323.582094	1.141925	0.009654	6.4
905	-0.178599	324.582094	1.138620	0.003211	6.6
906	-0.153830	325.506191	1.135584	0.013361	7.2
907	-0.156694	325.385705	1.135979	0.012829	6.3
908	-0.151127	326.385705	1.132709	0.004040	6.3
909	-0.139683	326.148673	1.133482	0.008858	6.5
910	-0.148849	325.911622	1.134257	0.003150	6.6
911	-0.145118	326.048471	1.133809	0.011546	6.6
912	-0.156806	326.972133	1.130800	0.009247	8.2
913	-0.182086	326.735054	1.131571	0.004379	7.0
914	-0.148771	326.504466	1.132322	0.008717	6.9
915	-0.147152	326.606121	1.131991	0.014365	6.4
916	-0.145428	327.384673	1.129461	0.005985	6.3
917	-0.157284	327.147604	1.130230	0.010927	6.9
918	-0.164997	328.068390	1.127249	0.005750	6.9
919	-0.183101	328.032196	1.127365	0.013922	7.4
920	-0.150398	329.031867	1.124146	0.012591	7.0
921	-0.170328	330.031867	1.120943	0.007545	6.9
922	-0.164301	330.587825	1.119171	0.009958	6.4
923	-0.169282	330.350746	1.119926	0.015730	6.6
924	-0.152445	330.113667	1.120682	0.008979	6.4
925	-0.158994	329.876588	1.121439	0.008523	6.5
926	-0.147595	330.874122	1.118260	0.009527	6.8
927	-0.144579	330.637043	1.119014	0.005146	6.5
928	-0.153104	330.399966	1.119769	0.006218	6.5
929	-0.148103	330.226516	1.120322	0.014734	6.3
930	-0.150100	331.226361	1.117142	0.012227	7.1
931	-0.150501	332.226361	1.113979	0.008601	7.2
932	-0.171679	331.989282	1.114727	0.008623	6.9
933	-0.153974	331.752205	1.115477	0.011422	6.4
934	-0.162145	332.752093	1.112324	0.007753	6.5
935	-0.159336	332.529542	1.113024	0.017882	7.4
936	-0.170757	333.529506	1.109885	0.005971	7.0
937	-0.140476	334.529353	1.106763	0.008425	6.8
938	-0.168775	334.381726	1.107223	0.005150	8.8
939	-0.145450	334.251151	1.107630	0.006357	6.9
940	-0.144206	334.038750	1.108293	0.008083	7.5
941	-0.158107	334.806902	1.105900	0.010256	7.7
942	-0.148192	334.569823	1.106637	0.008066	6.4
943	-0.155966	334.332744	1.107376	0.005737	7.4
944	-0.145010	334.096307	1.108113	0.008930	6.4
945	-0.163846	333.859261	1.108853	0.010328	6.7
946	-0.161270	334.859257	1.105737	0.013176	6.5
947	-0.145197	335.859257	1.102639	0.008571	6.5
948	-0.141054	335.622177	1.103372	0.009256	6.4
949	-0.157054	335.405473	1.104043	0.013372	6.4
950	-0.170332	336.405473	1.100954	0.012851	7.0
951	-0.144911	337.405220	1.097883	0.007969	7.5
952	-0.150177	337.878511	1.096435	0.016337	7.2
953	-0.148186	338.878511	1.093388	0.005862	6.8
954	-0.148734	338.641433	1.094109	0.006900	7.1
955	-0.149568	338.410269	1.094812	0.012017	6.5
956	-0.163736	338.173303	1.095535	0.011922	6.4
957	-0.161236	339.173303	1.092493	0.006956	7.8
958	-0.137810	340.173298	1.089468	0.009552	6.5
959	-0.154369	340.836801	1.087470	0.007471	6.9
960	-0.157797	340.599723	1.088183	0.010727	6.5
961	-0.144898	341.599360	1.085184	0.006812	6.5
962	-0.142964	341.362281	1.085893	0.006931	9.7
963	-0.154359	342.188996	1.083422	0.006003	6.3
964	-0.159003	342.907711	1.081282	0.005748	6.4
965	-0.159775	342.678606	1.081963	0.005480	11.8
966	-0.158470	342.530127	1.082405	0.008504	7.6
967	-0.148976	342.851823	1.081448	0.006027	6.8
968	-0.144869	342.618401	1.082142	0.005755	6.9
969	-0.151330	343.600711	1.079227	0.007596	7.2
970	-0.162086	343.379604	1.079882	0.011400	6.8
971	-0.173923	343.157630	1.080540	0.003904	7.1
972	-0.156409	343.028546	1.080923	0.008565	7.4
973	-0.155860	344.025436	1.077971	0.006835	6.6
974	-0.150866	343.788405	1.078671	0.004469	6.9
975	-0.162465	343.558263	1.079352	0.007257	6.6
976	-0.155579	344.557590	1.076402	0.010611	6.7
977	-0.149123	344.320513	1.077100	0.010034	6.6
978	-0.158769	345.319946	1.074162	0.012202	6.3
979	-0.163819	345.082871	1.074857	0.006799	10.2
980	-0.162322	346.077504	1.071945	0.012238	6.9
981	-0.148996	347.061434	1.069079	0.010383	6.7
982	-0.158379	346.825761	1.069764	0.010008	6.3
983	-0.145199	346.588682	1.070454	0.007168	6.4
984	-0.156732	347.514586	1.067765	0.006722	6.5
985	-0.153518	347.598886	1.067520	0.009645	6.9
986	-0.162274	348.598648	1.064633	0.011144	7.3
987	-0.151018	349.598648	1.061760	0.007597	7.1
988	-0.165952	350.598303	1.058904	0.011294	6.6
989	-0.147494	351.598303	1.056062	0.015457	6.4
990	-0.151869	351.361224	1.056734	0.012979	7.6
991	-0.160565	351.124145	1.057407	0.005228	8.7
992	-0.155924	350.887394	1.058081	0.009828	6.6
993	-0.160912	351.887254	1.055243	0.008520	6.6
994	-0.137675	351.650175	1.055915	0.008128	7.0
995	-0.154748	352.650175	1.053089	0.006506	7.4
996	-0.145582	352.413098	1.053757	0.003531	6.7
997	-0.138539	352.185692	1.054400	0.007050	6.4
998	-0.156335	352.383573	1.053841	0.010164	6.7
999	-0.153034	353.383573	1.051026	0.009134	6.4
1000	-0.160970	354.383573	1.048226	0.013002	6.4
1001	-0.155490	354.146494	1.048889	0.006220	6.6
1002	-0.157417	355.144249	1.046106	0.003917	6.5
1003	-0.161120	355.129513	1.046147	0.007511	6.7
1004	-0.155072	355.862361	1.044113	0.013385	6.4
1005	-0.158433	356.229263	1.043097	0.009189	6.8
1006	-0.158183	357.229263	1.040340	0.012432	6.6
1007	-0.150585	358.229263	1.037596	0.013239	6.4
1008	-0.163433	359.229263	1.034867	0.012435	7.0
1009	-0.150178	358.992184	1.035513	0.008156	6.7
1010	-0.150269	359.992184	1.032795	0.015610	6.7
1011	-0.137035	360.992182	1.030091	0.007803	9.3
1012	-0.160745	361.992156	1.027402	0.006412	6.5
1013	-0.160211	362.794038	1.025255	0.007238	7.6
1014	-0.151976	362.556967	1.025889	0.006707	6.6
1015	-0.152513	362.320403	1.026522	0.011087	6.3
1016	-0.163530	363.320400	1.023851	0.005909	6.6
1017	-0.161375	364.320390	1.021194	0.019473	6.6
1018	-0.151572	364.083311	1.021823	0.008625	6.5
1019	-0.150378	363.846232	1.022452	0.010804	6.9
1020	-0.164546	363.661676	1.022943	0.006701	6.6
1021	-0.157138	364.660356	1.020294	0.018518	6.4
1022	-0.146452	365.656685	1.017665	0.018546	6.8
1023	-0.162635	366.656685	1.015039	0.004382	6.7
1024	-0.149837	366.792097	1.014685	0.011743	6.5
1025	-0.147339	367.790197	1.012080	0.006317	7.1
1026	-0.162858	367.553118	1.012698	0.013269	6.8
1027	-0.163043	368.419796	1.010444	0.002998	6.7
1028	-0.153083	369.402868	1.007899	0.010139	6.7
1029	-0.162917	370.395158	1.005344	0.013873	6.5
1030	-0.151826	371.395158	1.002782	0.013635	6.4
1031	-0.156376	371.158088	1.003388	0.009018	7.7
1032	-0.163030	370.921009	1.003995	0.009181	6.6
1033	-0.143233	370.683930	1.004603	0.015031	6.8
1034	-0.150348	370.446851	1.005211	0.008985	7.0
1035	-0.150570	371.446848	1.002650	0.006252	6.5
1036	-0.159268	371.210073	1.003255	0.016570	6.4
1037	-0.152057	372.210073	1.000704	0.015050	6.9
1038	-0.146098	373.210073	0.998165	0.009395	6.3
1039	-0.144021	372.972994	0.998766	0.013770	6.4
1040	-0.161999	372.735915	0.999367	0.004481	6.8
1041	-0.153477	372.498882	0.999969	0.010213	6.5
1042	-0.151712	372.510108	0.999941	0.004346	6.5
1043	-0.152932	372.341128	1.000370	0.010392	7.0
1044	-0.148808	372.104051	1.000974	0.010018	6.7
1045	-0.161062	371.866972	1.001578	0.015353	6.7
1046	-0.148999	371.629893	1.002183	0.008225	6.6
1047	-0.151774	372.629893	0.999637	0.008677	6.4
1048	-0.151034	373.617567	0.997135	0.007695	6.8
1049	-0.147495	373.380487	0.997734	0.008892	6.5
1050	-0.151700	373.143906	0.998333	0.007276	6.7
1051	-0.154255	374.143897	0.995806	0.010393	6.7
1052	-0.163398	373.906821	0.996404	0.009060	7.1
1053	-0.158791	374.906815	0.993888	0.009148	6.7
1054	-0.152664	375.906815	0.991383	0.012108	7.5
1055	-0.153398	375.678484	0.991954	0.004103	6.5
1056	-0.158464	376.630993	0.989578	0.017622	6.5
1057	-0.151112	376.396129	0.990163	0.007085	6.4
1058	-0.151147	376.159139	0.990754	0.014487	6.5
1059	-0.163809	375.922060	0.991345	0.008142	6.3
1060	-0.153194	376.847177	0.989040	0.005923	7.1
1061	-0.154547	377.176897	0.988221	0.005707	6.7
1062	-0.158556	376.939980	0.988810	0.013535	6.5
1063	-0.157417	377.939980	0.986331	0.021378	6.4
1064	-0.157960	378.939980	0.983865	0.012357	6.5
1065	-0.156044	378.702901	0.984448	0.017263	6.8
1066	-0.149750	378.465822	0.985033	0.005940	6.6
1067	-0.151649	379.441910	0.982632	0.005389	6.8
1068	-0.158479	379.208093	0.983206	0.009733	6.6
1069	-0.170976	380.196996	0.980782	0.016284	7.2
1070	-0.153440	381.196996	0.978344	0.015059	6.7
1071	-0.145059	382.196996	0.975917	0.016678	6.5
1072	-0.151839	383.196996	0.973503	0.008739	6.8
1073	-0.171363	382.970941	0.974047	0.008619	6.5
1074	-0.163666	382.782801	0.974501	0.007903	7.0
1075	-0.133964	382.545723	0.975074	0.005708	6.9
1076	-0.144734	383.528516	0.972705	0.006695	6.6
1077	-0.141614	384.528432	0.970306	0.003455	6.8
1078	-0.156142	384.308840	0.970832	0.003992	6.4
1079	-0.146653	384.100365	0.971332	0.005611	7.6
1080	-0.154760	385.041019	0.969082	0.005542	6.5
1081	-0.153728	385.314064	0.968430	0.006742	6.9
1082	-0.153706	385.077129	0.968995	0.006647	6.6
1083	-0.177583	385.849209	0.967156	0.010372	6.9
1084	-0.167020	386.848988	0.964786	0.011583	8.5
1085	-0.161892	387.848776	0.962426	0.011551	6.8
1086	-0.157966	388.848776	0.960078	0.009358	7.6
1087	-0.157126	388.613041	0.960631	0.005446	6.9
1088	-0.156333	389.594410	0.958335	0.007596	11.2
1089	-0.161973	389.357333	0.958888	0.006959	6.6
1090	-0.171469	389.126721	0.959427	0.005936	6.4
1091	-0.156102	388.889715	0.959982	0.011191	6.6
1092	-0.156635	388.652636	0.960538	0.007527	6.5
1093	-0.148061	389.652636	0.958199	0.005948	6.6
1094	-0.153394	390.652565	0.955871	0.007549	7.1
1095	-0.151608	391.649426	0.953562	0.020755	7.2
1096	-0.163154	391.412375	0.954110	0.006170	7.1
1097	-0.164122	392.201398	0.952288	0.016651	6.4
1098	-0.151734	391.964341	0.952835	0.008812	8.8
1099	-0.153029	392.964341	0.950533	0.016215	6.4
1100	-0.149797	392.727262	0.951078	0.006359	6.6
1101	-0.141383	392.490183	0.951623	0.013264	8.9
1102	-0.163227	392.253104	0.952169	0.007162	8.2
1103	-0.163490	392.115656	0.952486	0.003740	6.4
1104	-0.154953	391.879819	0.953030	0.006133	7.0
1105	-0.152535	392.866876	0.950757	0.005881	6.8
1106	-0.156045	392.636471	0.951287	0.007612	6.8
1107	-0.163550	392.399499	0.951832	0.004425	6.9
1108	-0.161006	392.276982	0.952114	0.010851	7.9
1109	-0.156885	392.039911	0.952661	0.012070	9.3
1110	-0.154707	391.806547	0.953199	0.003743	6.7
1111	-0.164243	391.569477	0.953747	0.014192	6.5
1112	-0.154852	392.469595	0.951671	0.005425	6.8
1113	-0.176543	392.742588	0.951043	0.013958	7.0
1114	-0.157695	392.505734	0.951587	0.008112	6.9
1115	-0.146937	393.505734	0.949292	0.005884	8.1
1116	-0.151441	394.505271	0.947008	0.012382	8.3
1117	-0.156753	395.479416	0.944793	0.008241	6.7
1118	-0.151104	395.242337	0.945331	0.006796	7.0
1119	-0.162881	395.979770	0.943659	0.013699	6.8
1120	-0.143102	395.742748	0.944196	0.007417	6.7
1121	-0.168371	395.505681	0.944733	0.009934	7.4
1122	-0.157812	396.505681	0.942471	0.006444	8.3
1123	-0.153836	397.505680	0.940219	0.005592	7.4
1124	-0.146911	397.269930	0.940749	0.007458	6.5
1125	-0.140839	397.412816	0.940427	0.013471	6.4
1126	-0.156441	398.412813	0.938185	0.009652	6.6
1127	-0.161893	399.412813	0.935954	0.013070	6.9
1128	-0.136593	399.177495	0.936478	0.012489	6.9
1129	-0.155593	398.940416	0.937006	0.008873	7.1
1130	-0.158601	398.703337	0.937536	0.009285	7.3
1131	-0.153099	399.338284	0.936119	0.009352	6.4
1132	-0.147727	400.338234	0.933898	0.011898	7.0
1133	-0.161701	400.101155	0.934424	0.008068	6.5
1134	-0.167566	399.864629	0.934949	0.004135	6.8
1135	-0.151992	399.665097	0.935392	0.009298	9.4
1136	-0.160893	399.430858	0.935913	0.012401	9.3
1137	-0.150620	400.426410	0.933702	0.011811	7.3
1138	-0.157631	400.221548	0.934156	0.007086	6.7
1139	-0.157370	401.221547	0.931944	0.018721	6.4
1140	-0.146650	402.221547	0.929742	0.009341	6.6
1141	-0.141100	403.221547	0.927550	0.018897	6.9
1142	-0.153875	402.984468	0.928069	0.007927	7.3
1143	-0.144472	403.984468	0.925885	0.007369	7.2
1144	-0.157836	404.981312	0.923719	0.004566	8.2
1145	-0.151359	404.744311	0.924233	0.008445	6.4
1146	-0.170393	404.507264	0.924748	0.008679	6.5
1147	-0.174073	405.507260	0.922579	0.007621	6.6
1148	-0.150259	406.506770	0.920422	0.006162	7.4
1149	-0.150071	406.297236	0.920874	0.007774	7.4
1150	-0.147143	407.267640	0.918787	0.014672	7.4
1151	-0.163890	408.267640	0.916647	0.008291	6.9
1152	-0.161882	409.267459	0.914517	0.010480	8.5
1153	-0.147359	410.251973	0.912429	0.008400	6.4
1154	-0.157702	411.248300	0.910326	0.011128	7.3
1155	-0.169705	411.112829	0.910611	0.010284	7.6
1156	-0.144714	410.875821	0.911111	0.014461	6.9
1157	-0.156909	410.640740	0.911607	0.008917	7.0
1158	-0.147971	410.403661	0.912108	0.008346	6.4
1159	-0.156860	411.402560	0.910001	0.014136	6.4
1160	-0.170030	412.402560	0.907902	0.002637	6.3
1161	-0.152372	412.166022	0.908397	0.008043	6.9
1162	-0.171763	412.499226	0.907699	0.002632	11.5
1163	-0.167555	412.295184	0.908127	0.008856	7.4
1164	-0.155370	412.484250	0.907730	0.008537	7.1
1165	-0.144085	413.484250	0.905641	0.014988	7.2
1166	-0.155804	413.702497	0.905187	0.008149	6.8
1167	-0.145755	413.465432	0.905680	0.010842	7.0
1168	-0.154766	414.465432	0.903601	0.011163	6.6
1169	-0.151276	415.465432	0.901530	0.008946	6.9
1170	-0.157689	415.228656	0.902020	0.009977	7.0
1171	-0.149724	414.991625	0.902510	0.009836	7.0
1172	-0.147522	414.755078	0.903000	0.007364	7.2
1173	-0.145840	415.755078	0.900933	0.013143	6.9
1174	-0.153414	415.522773	0.901412	0.006783	6.5
1175	-0.161419	415.286114	0.901901	0.013611	6.5
1176	-0.162726	416.286113	0.899838	0.025401	6.8
1177	-0.160167	417.286113	0.897785	0.006289	6.9
1178	-0.139757	417.049034	0.898271	0.009023	7.5
1179	-0.160292	416.811959	0.898758	0.010643	7.6
1180	-0.153440	417.811944	0.896710	0.005420	6.9
1181	-0.160168	417.574940	0.897194	0.007927	6.7
1182	-0.150271	418.526317	0.895252	0.004979	6.7
1183	-0.167191	418.345701	0.895620	0.009214	7.1
1184	-0.157560	418.151440	0.896016	0.006419	7.8
1185	-0.149765	419.151439	0.893981	0.004157	7.8
1186	-0.174084	418.914813	0.894461	0.015369	6.9
1187	-0.138747	419.914812	0.892433	0.013590	7.7
1188	-0.152796	420.914812	0.890413	0.018355	6.6
1189	-0.155303	420.677733	0.890891	0.006274	7.0
1190	-0.155259	421.677732	0.888879	0.008369	7.3
1191	-0.139991	421.440932	0.889355	0.002126	7.1
1192	-0.157440	421.286469	0.889665	0.008897	8.0
1193	-0.154872	421.131690	0.889977	0.011291	6.5
1194	-0.150765	420.894611	0.890454	0.007775	6.3
1195	-0.159763	420.657532	0.890932	0.009263	6.2
1196	-0.161817	420.422893	0.891406	0.010787	6.3
1197	-0.163522	420.186041	0.891884	0.007680	7.2
1198	-0.135733	419.951537	0.892358	0.007786	6.6
1199	-0.166739	420.929595	0.890384	0.012472	6.7
1200	-0.160554	421.929595	0.888373	0.009781	6.6
1201	-0.161189	421.692516	0.888849	0.005655	7.0
1202	-0.160277	421.468495	0.889299	0.008169	6.5
1203	-0.156632	421.240169	0.889758	0.009853	6.6
1204	-0.139696	421.003090	0.890236	0.013371	6.5
1205	-0.142615	422.003090	0.888226	0.006365	6.5
1206	-0.159533	422.588083	0.887055	0.005870	7.3
1207	-0.158981	422.357956	0.887515	0.007716	7.0
1208	-0.168528	422.121446	0.887989	0.004287	7.3
1209	-0.155331	422.960723	0.886310	0.017748	6.6
1210	-0.165985	423.960723	0.884318	0.006552	6.8
1211	-0.166688	423.732993	0.884771	0.020691	6.6
1212	-0.155814	424.732987	0.882786	0.005746	6.5
1213	-0.165307	425.732987	0.880810	0.012066	6.7
1214	-0.136116	426.732976	0.878843	0.010215	6.6
1215	-0.153042	427.732976	0.876884	0.009556	7.1
1216	-0.163871	427.495898	0.877348	0.011569	6.6
1217	-0.148640	428.495898	0.875396	0.008787	7.1
1218	-0.147382	428.258827	0.875858	0.008583	6.6
1219	-0.163077	429.258827	0.873913	0.005846	7.2
1220	-0.142594	429.021759	0.874373	0.005859	6.4
1221	-0.156863	428.785045	0.874833	0.007078	6.6
1222	-0.165195	429.288522	0.873855	0.013355	8.2
1223	-0.161907	429.051443	0.874315	0.006968	6.9
1224	-0.142761	428.814409	0.874776	0.009755	7.7
1225	-0.147094	428.577330	0.875237	0.011319	6.7
1226	-0.159537	428.538395	0.875313	0.011206	7.1
1227	-0.168044	428.582987	0.875226	0.012491	6.7
1228	-0.160238	429.582987	0.873284	0.012125	6.6
1229	-0.151878	429.345908	0.873744	0.013328	6.4
1230	-0.156376	429.108829	0.874204	0.006800	6.4
1231	-0.146781	430.108827	0.872266	0.009229	6.4
1232	-0.144578	431.107706	0.870339	0.009516	6.8
1233	-0.151821	432.107706	0.868418	0.009081	6.7
1234	-0.164578	433.107701	0.866506	0.008225	7.0
1235	-0.153160	432.870622	0.866958	0.005896	6.7
1236	-0.154501	432.644250	0.867391	0.007659	7.0
1237	-0.161154	433.360105	0.866024	0.013188	6.7
1238	-0.152037	434.360105	0.864122	0.010626	6.4
1239	-0.164127	434.123026	0.864572	0.007827	6.7
1240	-0.164104	435.098194	0.862724	0.008663	6.6
1241	-0.151959	434.861124	0.863173	0.009618	10.9
1242	-0.158586	435.861124	0.861283	0.005291	6.7
1243	-0.171129	435.624045	0.861730	0.009621	6.4
1244	-0.145891	436.619016	0.859857	0.012886	6.9
1245	-0.143734	436.381937	0.860303	0.009149	8.5
1246	-0.149645	436.144858	0.860749	0.006474	7.1
1247	-0.155126	435.925560	0.861162	0.005552	6.6
1248	-0.156110	436.024318	0.860976	0.006204	7.3
1249	-0.168255	437.019876	0.859104	0.007667	8.0
1250	-0.141944	438.017473	0.857237	0.005651	6.7
1251	-0.157860	437.780641	0.857680	0.014566	6.5
1252	-0.158843	437.543562	0.858123	0.008631	7.3
1253	-0.166236	437.306483	0.858567	0.003651	6.9
1254	-0.153934	438.304924	0.856701	0.003239	6.9
1255	-0.153900	438.102103	0.857079	0.008911	6.9
1256	-0.165246	437.868809	0.857515	0.003848	6.4
1257	-0.158509	438.866383	0.855655	0.013274	6.4
1258	-0.149774	439.866370	0.853798	0.007643	6.5
1259	-0.157289	439.629291	0.854238	0.012958	6.8
1260	-0.150694	439.392212	0.854677	0.006526	6.9
1261	-0.143540	439.940635	0.853661	0.014810	6.8
1262	-0.160385	440.940634	0.851813	0.008189	6.9
1263	-0.145467	441.940634	0.849973	0.008744	6.8
1264	-0.153340	441.703555	0.850408	0.008444	6.9
1265	-0.152511	441.526569	0.850733	0.011486	6.4
1266	-0.145741	441.289489	0.851170	0.002769	6.5
1267	-0.153691	442.288131	0.849335	0.005167	6.7
1268	-0.157651	442.129547	0.849626	0.006865	6.8
1269	-0.158243	441.896933	0.850053	0.005770	7.4
1270	-0.161821	441.725315	0.850368	0.006909	8.3
1271	-0.137076	441.524488	0.850737	0.010963	7.4
1272	-0.175246	441.287410	0.851174	0.008436	6.8
1273	-0.143653	442.287018	0.849337	0.007863	6.7
1274	-0.178054	442.049941	0.849772	0.008819	7.0
1275	-0.154618	441.813079	0.850207	0.011137	7.6
1276	-0.152737	442.813079	0.848374	0.007787	6.9
1277	-0.168840	443.813079	0.846549	0.007933	6.7
1278	-0.144258	443.576003	0.846981	0.009106	6.4
1279	-0.153833	444.560852	0.845189	0.008712	6.2
1280	-0.149281	444.323773	0.845619	0.009989	6.5
1281	-0.158265	445.323773	0.843806	0.013718	6.8
1282	-0.154717	446.323773	0.842000	0.006550	7.2
1283	-0.169546	447.323769	0.840203	0.005960	6.8
1284	-0.159056	447.086943	0.840628	0.011401	6.5
1285	-0.169612	448.086943	0.838836	0.008080	6.3
1286	-0.148961	449.086491	0.837052	0.020801	6.4
1287	-0.161598	450.086491	0.835275	0.012217	7.0
1288	-0.178220	451.086491	0.833506	0.005337	6.9
1289	-0.156709	450.861414	0.833903	0.007414	7.3
1290	-0.150952	450.780921	0.834046	0.003851	6.6
1291	-0.158741	451.618335	0.832568	0.005465	7.7
1292	-0.170958	452.345943	0.831288	0.009833	7.7
1293	-0.172980	452.155935	0.831622	0.007391	7.8
1294	-0.149030	451.925159	0.832028	0.010567	6.9
1295	-0.139730	451.688083	0.832445	0.005624	6.6
1296	-0.147984	451.451005	0.832863	0.011743	7.0
1297	-0.160317	452.450244	0.831105	0.008654	6.6
1298	-0.140553	452.213164	0.831521	0.006800	6.5
1299	-0.167239	453.092736	0.829979	0.004300	6.7
1300	-0.168178	452.886048	0.830341	0.006642	6.8
1301	-0.158546	452.649046	0.830756	0.010837	6.7
1302	-0.159811	452.411969	0.831172	0.014748	7.5
1303	-0.151988	452.175095	0.831588	0.007708	6.7
1304	-0.168240	453.175095	0.829834	0.013830	6.8
1305	-0.163569	454.175071	0.828088	0.003856	6.9
1306	-0.164001	453.937992	0.828502	0.015612	6.7
1307	-0.156930	453.757365	0.828817	0.013271	6.7
1308	-0.149882	454.756674	0.827076	0.011635	7.0
1309	-0.150787	455.756674	0.825341	0.005225	6.4
1310	-0.153395	455.519882	0.825751	0.010466	6.5
1311	-0.165294	456.196540	0.824580	0.007684	6.7
1312	-0.167661	457.181472	0.822882	0.005223	6.7
1313	-0.153529	456.944431	0.823290	0.009426	6.5
1314	-0.152258	457.944234	0.821571	0.004962	6.4
1315	-0.165277	458.242647	0.821060	0.007348	6.7
1316	-0.159591	458.008189	0.821462	0.006021	11.8
1317	-0.154756	457.771115	0.821868	0.009232	7.9
1318	-0.171480	458.088738	0.821324	0.008534	6.8
1319	-0.149769	457.851659	0.821730	0.006947	6.4
1320	-0.177051	458.851657	0.820018	0.009200	6.5
1321	-0.141735	459.851656	0.818312	0.010930	6.7
1322	-0.162224	460.851655	0.816614	0.008899	6.5
1323	-0.144446	460.614576	0.817016	0.010516	7.7
1324	-0.150911	460.377497	0.817418	0.016736	6.7
1325	-0.168340	461.377394	0.815724	0.012380	7.0
1326	-0.157704	462.377394	0.814037	0.023238	6.8
1327	-0.156369	463.377166	0.812356	0.013006	6.6
1328	-0.157724	463.140086	0.812754	0.010999	6.5
1329	-0.155672	464.140086	0.811079	0.007401	6.4
1330	-0.151694	463.909888	0.811464	0.011874	6.5
1331	-0.155934	463.672814	0.811861	0.009319	9.1
1332	-0.164228	463.435735	0.812258	0.011629	8.1
1333	-0.157329	463.198656	0.812656	0.013202	6.8
1334	-0.152828	464.198656	0.810981	0.007408	6.6
1335	-0.160573	465.198629	0.809313	0.008296	6.7
1336	-0.148447	466.198623	0.807652	0.003832	6.3
1337	-0.162972	465.962170	0.808044	0.006748	6.3
1338	-0.148055	466.667280	0.806876	0.012469	6.4
1339	-0.157459	466.430560	0.807267	0.012627	6.7
1340	-0.140832	467.430560	0.805615	0.008867	6.8
1341	-0.150804	468.430560	0.803969	0.005762	6.3
1342	-0.174113	468.203829	0.804341	0.012461	6.4
1343	-0.154313	467.966761	0.804731	0.006341	6.4
1344	-0.171548	467.731902	0.805118	0.006926	6.5
1345	-0.157393	468.052047	0.804591	0.005544	6.5
1346	-0.148355	467.913976	0.804818	0.006904	7.2
1347	-0.148704	467.706027	0.805161	0.008887	6.7
1348	-0.160064	467.468948	0.805551	0.016181	7.0
1349	-0.153802	467.231869	0.805943	0.007409	7.1
1350	-0.170751	468.231869	0.804295	0.007317	6.6
1351	-0.170711	469.224076	0.802667	0.008068	6.6
1352	-0.149861	470.209597	0.801057	0.023072	6.8
1353	-0.150693	469.972517	0.801444	0.004282	6.4
1354	-0.140626	470.972392	0.799815	0.004986	7.2
1355	-0.145102	470.926621	0.799889	0.011107	6.4
1356	-0.173713	471.909850	0.798294	0.006219	6.4
1357	-0.150682	471.672771	0.798678	0.008327	6.3
1358	-0.157260	471.535194	0.798901	0.017677	7.2
1359	-0.144517	472.535051	0.797282	0.004552	6.7
1360	-0.160303	472.300210	0.797662	0.012895	6.6
1361	-0.147795	473.152433	0.796286	0.010896	11.1
1362	-0.154611	474.152433	0.794678	0.016175	6.9
1363	-0.156580	473.915570	0.795059	0.011565	9.2
1364	-0.141942	473.678491	0.795440	0.005419	7.8
1365	-0.150062	473.441412	0.795821	0.009573	6.8
1366	-0.148806	473.204619	0.796202	0.008550	6.3
1367	-0.144897	474.204619	0.794594	0.007684	6.4
1368	-0.165267	473.967539	0.794975	0.010189	6.7
1369	-0.149003	473.730461	0.795356	0.021009	6.5
1370	-0.165186	473.493382	0.795737	0.004739	6.4
1371	-0.156809	473.258381	0.796116	0.011471	6.4
1372	-0.155621	474.257600	0.794509	0.009317	6.4
1373	-0.150085	474.033554	0.794869	0.005013	6.6
1374	-0.165108	473.796492	0.795250	0.006825	6.4
1375	-0.154286	473.559508	0.795631	0.014299	8.1
1376	-0.140025	474.559508	0.794025	0.016218	6.5
1377	-0.157861	474.322429	0.794405	0.010908	6.6
1378	-0.153589	474.085350	0.794786	0.010922	9.0
1379	-0.158302	473.848271	0.795167	0.018600	6.5
1380	-0.160052	473.611679	0.795547	0.008654	6.7
1381	-0.144191	473.374599	0.795929	0.008714	7.1
1382	-0.152484	474.374599	0.794322	0.005758	9.1
1383	-0.152520	474.139201	0.794699	0.022978	6.7
1384	-0.146125	473.902122	0.795080	0.015126	6.9
1385	-0.145837	473.665043	0.795461	0.018809	7.3
1386	-0.138278	473.427964	0.795843	0.005479	6.3
1387	-0.162758	474.427964	0.794236	0.010140	6.5
1388	-0.177722	474.190891	0.794616	0.013650	6.4
1389	-0.155408	475.190891	0.793015	0.017088	6.8
1390	-0.143789	476.190891	0.791420	0.002675	6.7
1391	-0.165292	476.102265	0.791561	0.012097	7.0
1392	-0.158190	475.926963	0.791840	0.008959	6.4
1393	-0.158460	476.926962	0.790250	0.011398	6.6
1394	-0.148508	476.689907	0.790627	0.008154	6.4
1395	-0.156041	477.677876	0.789060	0.004822	6.7
1396	-0.163943	477.441844	0.789434	0.011083	6.5
1397	-0.148913	477.204770	0.789809	0.008997	6.4
1398	-0.139627	476.967869	0.790185	0.011723	6.4
1399	-0.147100	477.967869	0.788602	0.008082	6.5
1400	-0.156355	477.730792	0.788976	0.015333	6.8
1401	-0.153320	477.493713	0.789352	0.012630	6.5
1402	-0.157465	478.493713	0.787771	0.008283	6.3
1403	-0.145309	478.256634	0.788145	0.007516	7.3
1404	-0.146895	479.256633	0.786570	0.007270	6.6
1405	-0.159463	479.019554	0.786943	0.008894	6.3
1406	-0.153854	478.782475	0.787316	0.005728	6.5
1407	-0.160497	479.764352	0.785772	0.021084	6.2
1408	-0.165625	480.764352	0.784206	0.005993	6.7
1409	-0.161626	480.737371	0.784249	0.006034	6.5
1410	-0.159330	481.737039	0.782689	0.003293	6.4
1411	-0.144987	481.502585	0.783054	0.001163	6.8
1412	-0.155824	481.587887	0.782921	0.016726	6.5
1413	-0.160439	481.615560	0.782878	0.007380	6.4
1414	-0.168501	481.378481	0.783248	0.005192	6.5
1415	-0.147131	481.141407	0.783618	0.006229	6.5
1416	-0.159055	482.140419	0.782062	0.008562	6.4
1417	-0.165282	483.133530	0.780521	0.006520	6.7
1418	-0.156599	482.950225	0.780805	0.011750	8.9
1419	-0.157336	482.763975	0.781094	0.006070	7.6
1420	-0.156688	482.566354	0.781400	0.006461	6.8
1421	-0.170570	483.564706	0.779854	0.014644	6.9
1422	-0.141386	484.563959	0.778313	0.009891	6.9
1423	-0.155883	484.326880	0.778678	0.005057	7.4
1424	-0.162644	484.667770	0.778153	0.009288	6.5
1425	-0.164870	485.259549	0.777243	0.005341	6.4
1426	-0.156766	485.026501	0.777601	0.006481	7.0
1427	-0.153462	484.789506	0.777966	0.005222	6.6
1428	-0.147951	484.927230	0.777754	0.010664	6.5
1429	-0.156038	484.708628	0.778090	0.011368	7.0
1430	-0.158439	485.708628	0.776554	0.017342	6.5
1431	-0.146164	485.471549	0.776918	0.009671	6.6
1432	-0.168349	486.471524	0.775387	0.008320	6.4
1433	-0.153758	486.234445	0.775749	0.005134	6.6
1434	-0.138103	485.997409	0.776112	0.006105	7.3
1435	-0.154246	486.789725	0.774901	0.005961	11.8
1436	-0.158975	487.784691	0.773386	0.007550	11.1
1437	-0.152993	487.950760	0.773133	0.003526	8.4
1438	-0.158914	488.173885	0.772795	0.010447	7.6
1439	-0.149412	488.865498	0.771746	0.011401	8.2
1440	-0.152847	489.865436	0.770236	0.008729	8.6
1441	-0.173369	490.865339	0.768731	0.008237	6.9
1442	-0.158720	491.857158	0.767245	0.009692	6.5
1443	-0.164944	492.832443	0.765788	0.011204	6.5
1444	-0.166960	493.832443	0.764301	0.011772	6.5
1445	-0.150358	493.595364	0.764653	0.017134	7.3
1446	-0.158606	493.554653	0.764713	0.005949	6.4
1447	-0.167042	493.317596	0.765066	0.018866	6.9
1448	-0.158084	493.085381	0.765411	0.016297	6.8
1449	-0.174110	492.848302	0.765765	0.019601	6.9
1450	-0.152363	493.848302	0.764277	0.010192	6.5
1451	-0.160377	494.848302	0.762796	0.010601	6.5
1452	-0.135348	494.611223	0.763146	0.011168	7.0
1453	-0.160676	495.611059	0.761669	0.013236	6.4
1454	-0.159448	495.373980	0.762019	0.008074	6.4
1455	-0.171694	496.373970	0.760546	0.006621	6.3
1456	-0.145859	496.136921	0.760895	0.010509	6.9
1457	-0.172884	495.901158	0.761242	0.009300	6.4
1458	-0.161846	496.901157	0.759772	0.012161	6.4
1459	-0.153016	496.670928	0.760110	0.003664	6.4
1460	-0.146702	496.926432	0.759735	0.009107	6.6
1461	-0.154257	497.575971	0.758783	0.007347	7.2
1462	-0.169448	498.573296	0.757327	0.007040	7.1
1463	-0.148697	498.336217	0.757673	0.010125	6.5
1464	-0.173022	498.099150	0.758019	0.012280	7.3
1465	-0.149935	497.862071	0.758365	0.004884	6.6
1466	-0.152714	498.862057	0.756906	0.010057	6.6
1467	-0.164132	498.626716	0.757249	0.015149	6.3
1468	-0.162153	499.626716	0.755795	0.013029	6.4
1469	-0.148565	500.626716	0.754346	0.017317	6.3
1470	-0.160756	501.626716	0.752902	0.014493	6.4
1471	-0.134876	502.626716	0.751464	0.015339	6.4
1472	-0.143951	502.389637	0.751805	0.013070	6.4
1473	-0.151963	503.389637	0.750371	0.003962	6.3
1474	-0.156485	504.385019	0.748949	0.006037	6.4
1475	-0.156761	505.309711	0.747634	0.005868	7.7
1476	-0.152801	506.182906	0.746395	0.008258	6.3
1477	-0.156640	505.947209	0.746729	0.015216	6.7
1478	-0.158209	505.710130	0.747065	0.012684	6.6
1479	-0.154499	506.710130	0.745650	0.004218	6.7
1480	-0.150734	507.708867	0.744241	0.011773	6.5
1481	-0.164195	508.708853	0.742836	0.016012	6.3
1482	-0.151234	508.471774	0.743169	0.008965	6.3
1483	-0.154324	509.471773	0.741768	0.004088	6.7
1484	-0.157299	509.258654	0.742066	0.009946	6.4
1485	-0.157217	510.258133	0.740670	0.011049	6.8
1486	-0.165482	510.021054	0.741000	0.008328	6.4
1487	-0.161232	509.784565	0.741331	0.020510	6.3
1488	-0.149015	510.784565	0.739937	0.009277	6.9
1489	-0.167246	511.784565	0.738548	0.010473	6.5
1490	-0.162976	511.547486	0.738877	0.004941	6.6
1491	-0.147548	511.310407	0.739206	0.007086	6.8
1492	-0.156207	511.077710	0.739529	0.003799	6.5
1493	-0.154906	511.812822	0.738509	0.008657	7.1
1494	-0.143248	511.585073	0.738824	0.011181	6.4
1495	-0.157589	512.585073	0.737440	0.003197	6.5
1496	-0.141742	512.362833	0.737747	0.010705	6.9
1497	-0.163259	513.326287	0.736417	0.016578	6.9
1498	-0.171453	513.089209	0.736744	0.006723	6.7
1499	-0.161401	514.089209	0.735367	0.006887	6.8
1500	-0.151306	514.680713	0.734555	0.008226	6.4
1501	-0.153578	514.447621	0.734875	0.009519	6.6
1502	-0.159097	515.447621	0.733505	0.020102	7.3
1503	-0.146590	516.447619	0.732140	0.008984	6.8
1504	-0.151814	517.447608	0.730780	0.015732	6.8
1505	-0.158487	518.447607	0.729426	0.022185	7.1
1506	-0.156594	519.447607	0.728076	0.004621	6.6
1507	-0.157518	519.210546	0.728395	0.012739	9.6
1508	-0.162729	520.196369	0.727069	0.008480	7.4
1509	-0.140134	521.196369	0.725728	0.003793	7.1
1510	-0.158238	522.190860	0.724399	0.006921	8.1
1511	-0.158578	523.187308	0.723072	0.014973	8.7
1512	-0.166191	522.950561	0.723387	0.004790	8.6
1513	-0.155329	523.332839	0.722879	0.013893	8.7
1514	-0.143884	524.332827	0.721554	0.012434	8.8
1515	-0.148168	525.332827	0.720233	0.006343	8.8
1516	-0.145110	526.332827	0.718917	0.009707	22.7
1517	-0.161688	526.095750	0.719228	0.006799	30.9
1518	-0.160110	527.095750	0.717916	0.013786	11.8
1519	-0.156964	526.859718	0.718226	0.010263	8.5
1520	-0.149149	526.622639	0.718536	0.004171	6.7
1521	-0.165858	527.622570	0.717227	0.008995	6.5
1522	-0.155650	528.622346	0.715922	0.012357	6.6
1523	-0.146649	528.385338	0.716231	0.003631	8.7
1524	-0.147039	528.325272	0.716309	0.009023	6.4
1525	-0.166469	529.222888	0.715141	0.007498	7.0
1526	-0.152178	530.209880	0.713860	0.005083	6.5
1527	-0.154624	531.207437	0.712571	0.005716	6.5
1528	-0.142253	531.229375	0.712542	0.010010	6.5
1529	-0.151310	531.009046	0.712827	0.011888	6.9
1530	-0.171562	532.009046	0.711538	0.005529	7.9
1531	-0.159407	533.004448	0.710259	0.015006	6.7
1532	-0.169106	532.767369	0.710563	0.014415	6.7
1533	-0.151271	533.767369	0.709283	0.007695	6.4
1534	-0.137545	533.530289	0.709586	0.008287	6.4
1535	-0.152412	533.293294	0.709889	0.011839	7.1
1536	-0.151899	534.258454	0.708655	0.006894	7.7
1537	-0.159260	534.021375	0.708958	0.012715	6.5
1538	-0.152389	535.021375	0.707683	0.003729	6.4
1539	-0.148257	536.020942	0.706413	0.006090	6.4
1540	-0.159840	536.870491	0.705337	0.006704	6.4
1541	-0.154408	536.633812	0.705637	0.004988	6.5
1542	-0.154353	537.632346	0.704375	0.008871	6.5
1543	-0.141542	538.631746	0.703117	0.009509	6.5
1544	-0.161757	538.394667	0.703415	0.003849	6.6
1545	-0.158464	538.177144	0.703689	0.010553	6.4
1546	-0.161431	539.027477	0.702621	0.014551	6.9
1547	-0.144266	538.790398	0.702918	0.005154	6.5
1548	-0.165734	539.681013	0.701802	0.016010	7.7
1549	-0.155332	540.681013	0.700552	0.009236	6.4
1550	-0.159331	541.681013	0.699307	0.007813	10.7
1551	-0.151070	541.443935	0.699602	0.016746	7.1
1552	-0.160044	542.443935	0.698360	0.007399	8.4
1553	-0.156688	542.209125	0.698651	0.006915	7.1
1554	-0.160825	543.209113	0.697413	0.009946	7.0
1555	-0.160887	542.973426	0.697705	0.005046	6.7
1556	-0.155119	543.973381	0.696470	0.007694	6.4
1557	-0.140967	544.838740	0.695405	0.008558	6.4
1558	-0.158013	545.772132	0.694259	0.005339	7.0
1559	-0.152039	545.535073	0.694550	0.005533	6.2
1560	-0.149749	545.298733	0.694840	0.005731	6.6
1561	-0.155713	545.287537	0.694853	0.006631	7.2
1562	-0.165684	545.671314	0.694383	0.005181	6.4
1563	-0.158028	545.678353	0.694374	0.017598	6.5
1564	-0.154021	545.441274	0.694665	0.004578	6.6
1565	-0.164806	545.204912	0.694955	0.018428	20.0
1566	-0.149692	544.967834	0.695246	0.004914	6.3
1567	-0.147185	544.730755	0.695537	0.009012	7.5
1568	-0.150710	545.712591	0.694332	0.005749	6.7
1569	-0.156292	545.475525	0.694623	0.015066	7.8
1570	-0.156008	545.238446	0.694914	0.019645	7.9
1571	-0.150870	545.001366	0.695205	0.002323	6.8
1572	-0.157046	544.765174	0.695495	0.010898	7.2
1573	-0.159465	544.534828	0.695778	0.007254	6.4
1574	-0.160540	545.052193	0.695142	0.011137	6.2
1575	-0.143344	546.052193	0.693916	0.008043	6.6
1576	-0.157501	547.052193	0.692695	0.003790	6.4
1577	-0.156130	546.960507	0.692807	0.014346	6.9
1578	-0.154694	546.750799	0.693063	0.007899	7.6
1579	-0.150214	546.513720	0.693352	0.012614	6.9
1580	-0.162457	546.276641	0.693642	0.014335	6.9
1581	-0.149154	546.039562	0.693932	0.022721	6.4
1582	-0.167455	547.039562	0.692710	0.011595	7.0
1583	-0.148946	546.802483	0.693000	0.009773	6.9
1584	-0.152068	547.802483	0.691781	0.009908	6.5
1585	-0.159481	547.635313	0.691985	0.003412	6.6
1586	-0.160715	548.633393	0.690772	0.010572	7.6
1587	-0.162651	548.400737	0.691054	0.004618	