1:ItNr	2:Metric	3a:Time	3b:StepSize	4:||Gradient||	Time[ms]
0	0.013085	0.000000	0.367949	0.176154	979.0
1	0.004450	0.000000	0.367949	0.105745	8.4
2	0.001231	0.000000	0.367949	0.054350	8.4
3	0.000375	0.000000	0.367949	0.029647	8.3
4	0.000129	0.000000	0.367949	0.017853	8.3
5	0.000039	0.000000	0.367949	0.009731	8.3
6	0.000011	0.000000	0.367949	0.005206	8.1
7	0.000003	0.000000	0.367949	0.002864	8.3
8	0.000001	0.000000	0.367949	0.001639	8.3
9	0.000000	0.000000	0.367949	0.000932	8.3
10	0.000000	0.000000	0.367949	0.000531	8.3
11	0.000000	0.000000	0.367949	0.000288	8.2
12	0.000000	0.000000	0.367949	0.000160	8.1
13	0.000000	0.000000	0.367949	0.000091	9.4
14	0.000000	0.000000	0.367949	0.000054	6.7
15	0.000000	0.000000	0.367949	0.000030	7.9
16	0.000000	0.000000	0.367949	0.000016	7.8
17	0.000000	0.000000	0.367949	0.000010	7.7
18	0.000000	0.000000	0.367949	0.000005	7.6
19	0.000000	0.000000	0.367949	0.000003	7.6
20	0.000000	0.000000	0.367949	0.000002	7.5
21	0.000000	0.000000	0.367949	0.000001	7.5
22	0.000000	0.000000	0.367949	0.000001	7.5
23	0.000000	0.000000	0.367949	0.000000	7.4
24	0.000000	0.000000	0.367949	0.000000	7.4
25	0.000000	0.000000	0.367949	0.000000	7.4
26	0.000000	0.000000	0.367949	0.000000	7.2
27	0.000000	0.000000	0.367949	0.000000	7.4
28	0.000000	0.000000	0.367949	0.000000	7.4
29	0.000000	0.000000	0.367949	0.000000	7.4
30	0.000000	0.000000	0.367949	0.000000	7.4
31	0.000000	0.000000	0.367949	0.000000	7.4
32	0.000000	0.000000	0.367949	0.000000	7.4
33	0.000000	0.000000	0.367949	0.000000	7.4
34	0.000000	0.000000	0.367949	0.000000	7.4
35	0.000000	0.000000	0.367949	0.000000	7.4
36	0.000000	0.000000	0.367949	0.000000	7.4
37	0.000000	0.000000	0.367949	0.000000	7.4
38	0.000000	0.000000	0.367949	0.000000	7.4
39	0.000000	0.000000	0.367949	0.000000	7.4
40	0.000000	0.000000	0.367949	0.000000	7.4
41	0.000000	0.000000	0.367949	0.000000	7.4
42	0.000000	0.000000	0.367949	0.000000	7.4
43	0.000000	0.000000	0.367949	0.000000	7.4
44	0.000000	0.000000	0.367949	0.000000	7.6
45	0.000000	0.000000	0.367949	0.000000	8.3
46	0.000000	0.000000	0.367949	0.000000	8.4
47	0.000000	0.000000	0.367949	0.000000	8.4
48	0.000000	0.000000	0.367949	0.000000	8.3
49	0.000000	0.000000	0.367949	0.000000	8.2
50	0.000000	0.000000	0.367949	0.000000	8.2
51	0.000000	0.000000	0.367949	0.000000	8.2
52	0.000000	0.000000	0.367949	0.000000	8.2
53	0.000000	0.000000	0.367949	0.000000	8.2
54	0.000000	0.000000	0.367949	0.000000	8.3
55	0.000000	0.000000	0.367949	0.000000	8.3
56	0.000000	0.000000	0.367949	0.000000	8.3
57	0.000000	0.000000	0.367949	0.000000	8.3
58	0.000000	0.000000	0.367949	0.000000	8.2
59	0.000000	0.000000	0.367949	0.000000	8.3
60	0.000000	0.000000	0.367949	0.000000	8.2
61	0.000000	0.000000	0.367949	0.000000	8.1
62	0.000000	0.000000	0.367949	0.000000	8.3
63	0.000000	0.000000	0.367949	0.000000	8.2
64	0.000000	0.000000	0.367949	0.000000	8.4
65	0.000000	0.000000	0.367949	0.000000	8.3
66	0.000000	0.000000	0.367949	0.000000	8.2
67	0.000000	0.000000	0.367949	0.000000	8.2
68	0.000000	0.000000	0.367949	0.000000	8.3
69	0.000000	0.000000	0.367949	0.000000	8.3
70	0.000000	0.000000	0.367949	0.000000	8.3
71	0.000000	0.000000	0.367949	0.000000	8.2
72	0.000000	0.000000	0.367949	0.000000	8.2
73	0.000000	0.000000	0.367949	0.000000	8.3
74	0.000000	0.000000	0.367949	0.000000	8.3
75	0.000000	0.000000	0.367949	0.000000	8.3
76	0.000000	0.000000	0.367949	0.000000	8.3
77	0.000000	0.000000	0.367949	0.000000	8.3
78	0.000000	0.000000	0.367949	0.000000	8.1
79	0.000000	0.000000	0.367949	0.000000	7.6
80	0.000000	0.000000	0.367949	0.000000	11.0
81	0.000000	0.000000	0.367949	0.000000	11.0
82	0.000000	0.000000	0.367949	0.000000	12.9
83	0.000000	0.000000	0.367949	0.000000	12.2
84	0.000000	0.000000	0.367949	0.000000	12.0
85	0.000000	0.000000	0.367949	0.000000	12.3
86	0.000000	0.000000	0.367949	0.000000	11.1
87	0.000000	0.000000	0.367949	0.000000	12.1
88	0.000000	0.000000	0.367949	0.000000	12.1
89	0.000000	0.000000	0.367949	0.000000	12.1
90	0.000000	0.000000	0.367949	0.000000	10.6
91	0.000000	0.000000	0.367949	0.000000	12.2
92	0.000000	0.000000	0.367949	0.000000	10.6
93	0.000000	0.000000	0.367949	0.000000	12.5
94	0.000000	0.000000	0.367949	0.000000	11.5
95	0.000000	0.000000	0.367949	0.000000	8.0
96	0.000000	0.000000	0.367949	0.000000	11.9
97	0.000000	0.000000	0.367949	0.000000	8.3
98	0.000000	0.000000	0.367949	0.000000	8.3
99	0.000000	0.000000	0.367949	0.000000	8.4
100	0.000000	0.000000	0.367949	0.000000	8.3
101	0.000000	0.000000	0.367949	0.000000	8.2
102	0.000000	0.000000	0.367949	0.000000	10.0
103	0.000000	0.000000	0.367949	0.000000	12.5
104	0.000000	0.000000	0.367949	0.000000	12.3
105	0.000000	0.000000	0.367949	0.000000	12.2
106	0.000000	0.000000	0.367949	0.000000	12.2
107	0.000000	0.000000	0.367949	0.000000	12.4
108	0.000000	0.000000	0.367949	0.000000	10.7
109	0.000000	0.000000	0.367949	0.000000	10.7
110	0.000000	0.000000	0.367949	0.000000	8.3
111	0.000000	0.000000	0.367949	0.000000	8.4
112	0.000000	0.000000	0.367949	0.000000	8.3
113	0.000000	0.000000	0.367949	0.000000	8.1
114	0.000000	0.000000	0.367949	0.000000	8.1
115	0.000000	0.000000	0.367949	0.000000	8.1
116	0.000000	0.000000	0.367949	0.000000	7.9
117	0.000000	0.000000	0.367949	0.000000	7.8
118	0.000000	0.000000	0.367949	0.000000	7.7
119	0.000000	0.000000	0.367949	0.000000	7.6
120	0.000000	0.000000	0.367949	0.000000	7.6
121	0.000000	0.000000	0.367949	0.000000	7.5
122	0.000000	0.000000	0.367949	0.000000	7.5
123	0.000000	0.000000	0.367949	0.000000	7.5
124	0.000000	0.000000	0.367949	0.000000	7.5
125	0.000000	0.000000	0.367949	0.000000	7.4
126	0.000000	0.000000	0.367949	0.000000	7.5
127	0.000000	0.000000	0.367949	0.000000	7.5
128	0.000000	0.000000	0.367949	0.000000	7.5
129	0.000000	0.000000	0.367949	0.000000	7.4
130	0.000000	0.000000	0.367949	0.000000	7.4
131	0.000000	0.000000	0.367949	0.000000	8.4
132	0.000000	0.000000	0.367949	0.000000	7.7
133	0.000000	0.000000	0.367949	0.000000	8.4
134	0.000000	0.000000	0.367949	0.000000	7.5
135	0.000000	0.000000	0.367949	0.000000	7.6
136	0.000000	0.000000	0.367949	0.000000	11.2
137	0.000000	0.000000	0.367949	0.000000	9.2
138	0.000000	0.000000	0.367949	0.000000	10.3
139	0.000000	0.000000	0.367949	0.000000	8.7
140	0.000000	0.000000	0.367949	0.000000	8.9
141	0.000000	0.000000	0.367949	0.000000	9.5
142	0.000000	0.000000	0.367949	0.000000	7.7
143	0.000000	0.000000	0.367949	0.000000	8.3
144	0.000000	0.000000	0.367949	0.000000	8.3
145	0.000000	0.000000	0.367949	0.000000	8.4
146	0.000000	0.000000	0.367949	0.000000	8.1
147	0.000000	0.000000	0.367949	0.000000	8.3
148	0.000000	0.000000	0.367949	0.000000	8.2
149	0.000000	0.000000	0.367949	0.000000	8.4
150	0.000000	0.000000	0.367949	0.000000	8.4
151	0.000000	0.000000	0.367949	0.000000	8.3
152	0.000000	0.000000	0.367949	0.000000	8.2
153	0.000000	0.000000	0.367949	0.000000	8.2
154	0.000000	0.000000	0.367949	0.000000	8.3
155	0.000000	0.000000	0.367949	0.000000	8.3
156	0.000000	0.000000	0.367949	0.000000	8.3
157	0.000000	0.000000	0.367949	0.000000	8.2
158	0.000000	0.000000	0.367949	0.000000	8.3
159	0.000000	0.000000	0.367949	0.000000	8.3
160	0.000000	0.000000	0.367949	0.000000	8.4
161	0.000000	0.000000	0.367949	0.000000	8.8
162	0.000000	0.000000	0.367949	0.000000	7.7
163	0.000000	0.000000	0.367949	0.000000	8.2
164	0.000000	0.000000	0.367949	0.000000	8.1
165	0.000000	0.000000	0.367949	0.000000	8.3
166	0.000000	0.000000	0.367949	0.000000	8.2
167	0.000000	0.000000	0.367949	0.000000	8.0
168	0.000000	0.000000	0.367949	0.000000	7.6
169	0.000000	0.000000	0.367949	0.000000	8.5
170	0.000000	0.000000	0.367949	0.000000	8.4
171	0.000000	0.000000	0.367949	0.000000	8.2
172	0.000000	0.000000	0.367949	0.000000	7.7
173	0.000000	0.000000	0.367949	0.000000	7.7
174	0.000000	0.000000	0.367949	0.000000	7.8
175	0.000000	0.000000	0.367949	0.000000	7.9
176	0.000000	0.000000	0.367949	0.000000	7.7
177	0.000000	0.000000	0.367949	0.000000	8.2
178	0.000000	0.000000	0.367949	0.000000	8.3
179	0.000000	0.000000	0.367949	0.000000	7.7
180	0.000000	0.000000	0.367949	0.000000	8.3
181	0.000000	0.000000	0.367949	0.000000	8.0
182	0.000000	0.000000	0.367949	0.000000	8.4
183	0.000000	0.000000	0.367949	0.000000	8.3
184	0.000000	0.000000	0.367949	0.000000	8.1
185	0.000000	0.000000	0.367949	0.000000	8.3
186	0.000000	0.000000	0.367949	0.000000	8.3
187	0.000000	0.000000	0.367949	0.000000	7.8
188	0.000000	0.000000	0.367949	0.000000	8.4
189	0.000000	0.000000	0.367949	0.000000	8.3
190	0.000000	0.000000	0.367949	0.000000	8.3
191	0.000000	0.000000	0.367949	0.000000	8.3
192	0.000000	0.000000	0.367949	0.000000	8.4
193	0.000000	0.000000	0.367949	0.000000	8.3
194	0.000000	0.000000	0.367949	0.000000	8.3
195	0.000000	0.000000	0.367949	0.000000	8.3
196	0.000000	0.000000	0.367949	0.000000	8.3
197	0.000000	0.000000	0.367949	0.000000	8.3
198	0.000000	0.000000	0.367949	0.000000	8.3
199	0.000000	0.000000	0.367949	0.000000	7.7
200	0.000000	0.000000	0.367949	0.000000	8.4
201	0.000000	0.000000	0.367949	0.000000	8.2
202	0.000000	0.000000	0.367949	0.000000	8.2
203	0.000000	0.000000	0.367949	0.000000	8.3
204	0.000000	0.000000	0.367949	0.000000	8.1
205	0.000000	0.000000	0.367949	0.000000	7.9
206	0.000000	0.000000	0.367949	0.000000	7.8
207	0.000000	0.000000	0.367949	0.000000	7.7
208	0.000000	0.000000	0.367949	0.000000	7.6
209	0.000000	0.000000	0.367949	0.000000	7.5
210	0.000000	0.000000	0.367949	0.000000	7.5
211	0.000000	0.000000	0.367949	0.000000	7.5
212	0.000000	0.000000	0.367949	0.000000	7.5
213	0.000000	0.000000	0.367949	0.000000	7.5
214	0.000000	0.000000	0.367949	0.000000	7.5
215	0.000000	0.000000	0.367949	0.000000	7.4
216	0.000000	0.000000	0.367949	0.000000	7.4
217	0.000000	0.000000	0.367949	0.000000	7.4
218	0.000000	0.000000	0.367949	0.000000	7.4
219	0.000000	0.000000	0.367949	0.000000	7.4
220	0.000000	0.000000	0.367949	0.000000	7.4
221	0.000000	0.000000	0.367949	0.000000	7.4
222	0.000000	0.000000	0.367949	0.000000	7.4
223	0.000000	0.000000	0.367949	0.000000	7.5
224	0.000000	0.000000	0.367949	0.000000	7.4
225	0.000000	0.000000	0.367949	0.000000	7.5
226	0.000000	0.000000	0.367949	0.000000	7.4
227	0.000000	0.000000	0.367949	0.000000	7.5
228	0.000000	0.000000	0.367949	0.000000	8.3
229	0.000000	0.000000	0.367949	0.000000	7.5
230	0.000000	0.000000	0.367949	0.000000	8.1
231	0.000000	0.000000	0.367949	0.000000	8.0
232	0.000000	0.000000	0.367949	0.000000	7.6
233	0.000000	0.000000	0.367949	0.000000	9.5
234	0.000000	0.000000	0.367949	0.000000	7.8
235	0.000000	0.000000	0.367949	0.000000	7.7
236	0.000000	0.000000	0.367949	0.000000	7.7
237	0.000000	0.000000	0.367949	0.000000	7.8
238	0.000000	0.000000	0.367949	0.000000	8.3
239	0.000000	0.000000	0.367949	0.000000	7.9
240	0.000000	0.000000	0.367949	0.000000	8.9
241	0.000000	0.000000	0.367949	0.000000	7.8
242	0.000000	0.000000	0.367949	0.000000	8.4
243	0.000000	0.000000	0.367949	0.000000	8.4
244	0.000000	0.000000	0.367949	0.000000	7.7
245	0.000000	0.000000	0.367949	0.000000	8.4
246	0.000000	0.000000	0.367949	0.000000	8.2
247	0.000000	0.000000	0.367949	0.000000	8.2
248	0.000000	0.000000	0.367949	0.000000	8.3
249	0.000000	0.000000	0.367949	0.000000	8.3
250	0.000000	0.000000	0.367949	0.000000	8.5
251	0.000000	0.000000	0.367949	0.000000	8.4
252	0.000000	0.000000	0.367949	0.000000	8.3
253	0.000000	0.000000	0.367949	0.000000	8.3
254	0.000000	0.000000	0.367949	0.000000	8.4
255	0.000000	0.000000	0.367949	0.000000	8.4
256	0.000000	0.000000	0.367949	0.000000	8.3
257	0.000000	0.000000	0.367949	0.000000	8.3
258	0.000000	0.000000	0.367949	0.000000	8.4
259	0.000000	0.000000	0.367949	0.000000	8.3
260	0.000000	0.000000	0.367949	0.000000	8.4
261	0.000000	0.000000	0.367949	0.000000	8.4
262	0.000000	0.000000	0.367949	0.000000	8.3
263	0.000000	0.000000	0.367949	0.000000	8.2
264	0.000000	0.000000	0.367949	0.000000	7.5
265	0.000000	0.000000	0.367949	0.000000	8.3
266	0.000000	0.000000	0.367949	0.000000	8.2
267	0.000000	0.000000	0.367949	0.000000	8.1
268	0.000000	0.000000	0.367949	0.000000	8.4
269	0.000000	0.000000	0.367949	0.000000	8.5
270	0.000000	0.000000	0.367949	0.000000	8.4
271	0.000000	0.000000	0.367949	0.000000	8.3
272	0.000000	0.000000	0.367949	0.000000	8.3
273	0.000000	0.000000	0.367949	0.000000	8.4
274	0.000000	0.000000	0.367949	0.000000	8.4
275	0.000000	0.000000	0.367949	0.000000	8.3
276	0.000000	0.000000	0.367949	0.000000	7.6
277	0.000000	0.000000	0.367949	0.000000	8.3
278	0.000000	0.000000	0.367949	0.000000	8.3
279	0.000000	0.000000	0.367949	0.000000	8.7
280	0.000000	0.000000	0.367949	0.000000	7.7
281	0.000000	0.000000	0.367949	0.000000	8.5
282	0.000000	0.000000	0.367949	0.000000	8.3
283	0.000000	0.000000	0.367949	0.000000	8.5
284	0.000000	0.000000	0.367949	0.000000	7.7
285	0.000000	0.000000	0.367949	0.000000	8.6
286	0.000000	0.000000	0.367949	0.000000	7.8
287	0.000000	0.000000	0.367949	0.000000	8.4
288	0.000000	0.000000	0.367949	0.000000	8.3
289	0.000000	0.000000	0.367949	0.000000	8.3
290	0.000000	0.000000	0.367949	0.000000	8.3
291	0.000000	0.000000	0.367949	0.000000	8.4
292	0.000000	0.000000	0.367949	0.000000	8.3
293	0.000000	0.000000	0.367949	0.000000	7.7
294	0.000000	0.000000	0.367949	0.000000	8.3
295	0.000000	0.000000	0.367949	0.000000	8.3
296	0.000000	0.000000	0.367949	0.000000	8.3
297	0.000000	0.000000	0.367949	0.000000	8.3
298	0.000000	0.000000	0.367949	0.000000	8.4
299	0.000000	0.000000	0.367949	0.000000	8.3
300	0.000000	0.000000	0.367949	0.000000	7.5
301	0.000000	0.000000	0.367949	0.000000	8.3
302	0.000000	0.000000	0.367949	0.000000	8.2
303	0.000000	0.000000	0.367949	0.000000	8.1
304	0.000000	0.000000	0.367949	0.000000	7.9
305	0.000000	0.000000	0.367949	0.000000	7.8
306	0.000000	0.000000	0.367949	0.000000	7.7
307	0.000000	0.000000	0.367949	0.000000	7.6
308	0.000000	0.000000	0.367949	0.000000	7.6
309	0.000000	0.000000	0.367949	0.000000	7.5
310	0.000000	0.000000	0.367949	0.000000	7.5
311	0.000000	0.000000	0.367949	0.000000	7.5
312	0.000000	0.000000	0.367949	0.000000	7.5
313	0.000000	0.000000	0.367949	0.000000	7.5
314	0.000000	0.000000	0.367949	0.000000	7.5
315	0.000000	0.000000	0.367949	0.000000	7.4
316	0.000000	0.000000	0.367949	0.000000	7.4
317	0.000000	0.000000	0.367949	0.000000	7.4
318	0.000000	0.000000	0.367949	0.000000	7.4
319	0.000000	0.000000	0.367949	0.000000	7.5
320	0.000000	0.000000	0.367949	0.000000	7.5
321	0.000000	0.000000	0.367949	0.000000	7.4
322	0.000000	0.000000	0.367949	0.000000	7.4
323	0.000000	0.000000	0.367949	0.000000	7.4
324	0.000000	0.000000	0.367949	0.000000	7.7
325	0.000000	0.000000	0.367949	0.000000	8.4
326	0.000000	0.000000	0.367949	0.000000	11.4
327	0.000000	0.000000	0.367949	0.000000	7.5
328	0.000000	0.000000	0.367949	0.000000	8.8
329	0.000000	0.000000	0.367949	0.000000	7.7
330	0.000000	0.000000	0.367949	0.000000	9.6
331	0.000000	0.000000	0.367949	0.000000	7.6
332	0.000000	0.000000	0.367949	0.000000	9.2
333	0.000000	0.000000	0.367949	0.000000	9.0
334	0.000000	0.000000	0.367949	0.000000	8.7
335	0.000000	0.000000	0.367949	0.000000	8.8
336	0.000000	0.000000	0.367949	0.000000	8.3
337	0.000000	0.000000	0.367949	0.000000	9.0
338	0.000000	0.000000	0.367949	0.000000	8.0
339	0.000000	0.000000	0.367949	0.000000	7.8
340	0.000000	0.000000	0.367949	0.000000	8.3
341	0.000000	0.000000	0.367949	0.000000	7.6
342	0.000000	0.000000	0.367949	0.000000	8.3
343	0.000000	0.000000	0.367949	0.000000	8.9
344	0.000000	0.000000	0.367949	0.000000	7.7
345	0.000000	0.000000	0.367949	0.000000	8.3
346	0.000000	0.000000	0.367949	0.000000	8.3
347	0.000000	0.000000	0.367949	0.000000	8.4
348	0.000000	0.000000	0.367949	0.000000	7.7
349	0.000000	0.000000	0.367949	0.000000	8.3
350	0.000000	0.000000	0.367949	0.000000	8.2
351	0.000000	0.000000	0.367949	0.000000	8.3
352	0.000000	0.000000	0.367949	0.000000	7.7
353	0.000000	0.000000	0.367949	0.000000	8.3
354	0.000000	0.000000	0.367949	0.000000	7.7
355	0.000000	0.000000	0.367949	0.000000	7.7
356	0.000000	0.000000	0.367949	0.000000	8.3
357	0.000000	0.000000	0.367949	0.000000	7.5
358	0.000000	0.000000	0.367949	0.000000	8.2
359	0.000000	0.000000	0.367949	0.000000	8.2
360	0.000000	0.000000	0.367949	0.000000	8.1
361	0.000000	0.000000	0.367949	0.000000	8.3
362	0.000000	0.000000	0.367949	0.000000	8.5
363	0.000000	0.000000	0.367949	0.000000	8.4
364	0.000000	0.000000	0.367949	0.000000	8.3
365	0.000000	0.000000	0.367949	0.000000	8.4
366	0.000000	0.000000	0.367949	0.000000	8.4
367	0.000000	0.000000	0.367949	0.000000	8.4
368	0.000000	0.000000	0.367949	0.000000	8.2
369	0.000000	0.000000	0.367949	0.000000	8.3
370	0.000000	0.000000	0.367949	0.000000	8.3
371	0.000000	0.000000	0.367949	0.000000	8.3
372	0.000000	0.000000	0.367949	0.000000	8.4
373	0.000000	0.000000	0.367949	0.000000	8.4
374	0.000000	0.000000	0.367949	0.000000	8.4
375	0.000000	0.000000	0.367949	0.000000	8.3
376	0.000000	0.000000	0.367949	0.000000	7.6
377	0.000000	0.000000	0.367949	0.000000	7.7
378	0.000000	0.000000	0.367949	0.000000	8.3
379	0.000000	0.000000	0.367949	0.000000	8.5
380	0.000000	0.000000	0.367949	0.000000	8.4
381	0.000000	0.000000	0.367949	0.000000	8.3
382	0.000000	0.000000	0.367949	0.000000	8.3
383	0.000000	0.000000	0.367949	0.000000	8.4
384	0.000000	0.000000	0.367949	0.000000	8.4
385	0.000000	0.000000	0.367949	0.000000	8.3
386	0.000000	0.000000	0.367949	0.000000	8.3
387	0.000000	0.000000	0.367949	0.000000	8.3
388	0.000000	0.000000	0.367949	0.000000	8.3
389	0.000000	0.000000	0.367949	0.000000	8.3
390	0.000000	0.000000	0.367949	0.000000	8.4
391	0.000000	0.000000	0.367949	0.000000	8.4
392	0.000000	0.000000	0.367949	0.000000	8.3
393	0.000000	0.000000	0.367949	0.000000	7.5
394	0.000000	0.000000	0.367949	0.000000	8.2
395	0.000000	0.000000	0.367949	0.000000	9.2
396	0.000000	0.000000	0.367949	0.000000	8.0
397	0.000000	0.000000	0.367949	0.000000	7.8
398	0.000000	0.000000	0.367949	0.000000	7.8
399	0.000000	0.000000	0.367949	0.000000	7.7
400	0.000000	0.000000	0.367949	0.000000	7.6
401	0.000000	0.000000	0.367949	0.000000	7.6
402	0.000000	0.000000	0.367949	0.000000	7.5
403	0.000000	0.000000	0.367949	0.000000	7.5
404	0.000000	0.000000	0.367949	0.000000	7.5
405	0.000000	0.000000	0.367949	0.000000	7.5
406	0.000000	0.000000	0.367949	0.000000	7.5
407	0.000000	0.000000	0.367949	0.000000	7.5
408	0.000000	0.000000	0.367949	0.000000	7.4
409	0.000000	0.000000	0.367949	0.000000	7.5
410	0.000000	0.000000	0.367949	0.000000	7.5
411	0.000000	0.000000	0.367949	0.000000	7.4
412	0.000000	0.000000	0.367949	0.000000	7.5
413	0.000000	0.000000	0.367949	0.000000	7.4
414	0.000000	0.000000	0.367949	0.000000	7.4
415	0.000000	0.000000	0.367949	0.000000	7.5
416	0.000000	0.000000	0.367949	0.000000	7.4
417	0.000000	0.000000	0.367949	0.000000	7.4
418	0.000000	0.000000	0.367949	0.000000	7.4
419	0.000000	0.000000	0.367949	0.000000	7.4
420	0.000000	0.000000	0.367949	0.000000	8.3
421	0.000000	0.000000	0.367949	0.000000	11.1
422	0.000000	0.000000	0.367949	0.000000	10.7
423	0.000000	0.000000	0.367949	0.000000	10.9
424	0.000000	0.000000	0.367949	0.000000	11.3
425	0.000000	0.000000	0.367949	0.000000	11.0
426	0.000000	0.000000	0.367949	0.000000	10.6
427	0.000000	0.000000	0.367949	0.000000	10.6
428	0.000000	0.000000	0.367949	0.000000	10.6
429	0.000000	0.000000	0.367949	0.000000	10.6
430	0.000000	0.000000	0.367949	0.000000	10.6
431	0.000000	0.000000	0.367949	0.000000	10.6
432	0.000000	0.000000	0.367949	0.000000	10.6
433	0.000000	0.000000	0.367949	0.000000	10.6
434	0.000000	0.000000	0.367949	0.000000	10.6
435	0.000000	0.000000	0.367949	0.000000	10.5
436	0.000000	0.000000	0.367949	0.000000	10.6
437	0.000000	0.000000	0.367949	0.000000	11.2
438	0.000000	0.000000	0.367949	0.000000	11.8
439	0.000000	0.000000	0.367949	0.000000	12.0
440	0.000000	0.000000	0.367949	0.000000	11.6
441	0.000000	0.000000	0.367949	0.000000	11.3
442	0.000000	0.000000	0.367949	0.000000	11.3
443	0.000000	0.000000	0.367949	0.000000	10.7
444	0.000000	0.000000	0.367949	0.000000	12.2
445	0.000000	0.000000	0.367949	0.000000	10.7
446	0.000000	0.000000	0.367949	0.000000	10.6
447	0.000000	0.000000	0.367949	0.000000	10.6
448	0.000000	0.000000	0.367949	0.000000	10.5
449	0.000000	0.000000	0.367949	0.000000	12.1
450	0.000000	0.000000	0.367949	0.000000	10.6
451	0.000000	0.000000	0.367949	0.000000	10.6
452	0.000000	0.000000	0.367949	0.000000	10.6
453	0.000000	0.000000	0.367949	0.000000	10.6
454	0.000000	0.000000	0.367949	0.000000	11.2
455	0.000000	0.000000	0.367949	0.000000	11.7
456	0.000000	0.000000	0.367949	0.000000	7.0
457	0.000000	0.000000	0.367949	0.000000	8.2
458	0.000000	0.000000	0.367949	0.000000	8.6
459	0.000000	0.000000	0.367949	0.000000	7.6
460	0.000000	0.000000	0.367949	0.000000	8.4
461	0.000000	0.000000	0.367949	0.000000	8.4
462	0.000000	0.000000	0.367949	0.000000	8.3
463	0.000000	0.000000	0.367949	0.000000	8.3
464	0.000000	0.000000	0.367949	0.000000	8.3
465	0.000000	0.000000	0.367949	0.000000	8.3
466	0.000000	0.000000	0.367949	0.000000	8.3
467	0.000000	0.000000	0.367949	0.000000	8.3
468	0.000000	0.000000	0.367949	0.000000	7.6
469	0.000000	0.000000	0.367949	0.000000	8.3
470	0.000000	0.000000	0.367949	0.000000	8.3
471	0.000000	0.000000	0.367949	0.000000	8.3
472	0.000000	0.000000	0.367949	0.000000	8.3
473	0.000000	0.000000	0.367949	0.000000	8.3
474	0.000000	0.000000	0.367949	0.000000	8.1
475	0.000000	0.000000	0.367949	0.000000	8.2
476	0.000000	0.000000	0.367949	0.000000	8.2
477	0.000000	0.000000	0.367949	0.000000	8.3
478	0.000000	0.000000	0.367949	0.000000	8.4
479	0.000000	0.000000	0.367949	0.000000	8.2
480	0.000000	0.000000	0.367949	0.000000	8.1
481	0.000000	0.000000	0.367949	0.000000	8.3
482	0.000000	0.000000	0.367949	0.000000	8.4
483	0.000000	0.000000	0.367949	0.000000	8.3
484	0.000000	0.000000	0.367949	0.000000	7.6
485	0.000000	0.000000	0.367949	0.000000	8.2
486	0.000000	0.000000	0.367949	0.000000	8.3
487	0.000000	0.000000	0.367949	0.000000	8.3
488	0.000000	0.000000	0.367949	0.000000	8.3
489	0.000000	0.000000	0.367949	0.000000	8.3
490	0.000000	0.000000	0.367949	0.000000	8.4
491	0.000000	0.000000	0.367949	0.000000	8.2
492	0.000000	0.000000	0.367949	0.000000	8.1
493	0.000000	0.000000	0.367949	0.000000	8.3
494	0.000000	0.000000	0.367949	0.000000	8.1
495	0.000000	0.000000	0.367949	0.000000	8.0
496	0.000000	0.000000	0.367949	0.000000	7.8
497	0.000000	0.000000	0.367949	0.000000	7.7
498	0.000000	0.000000	0.367949	0.000000	7.6
499	0.000000	0.000000	0.367949	0.000000	7.6
