1:ItNr	2:Metric	3a:Time	3b:StepSize	4:||Gradient||	Time[ms]
0	-0.211224	0.000000	94.155661	0.001804	2424.6
1	-0.212532	0.000000	94.155661	0.001391	17.4
2	-0.214919	0.000000	94.155661	0.001704	18.7
3	-0.220772	0.000000	94.155661	0.002464	16.5
4	-0.207959	1.000000	89.875858	0.000316	15.1
5	-0.221583	0.902990	90.273926	0.001958	15.2
6	-0.219848	0.808279	90.665974	0.001188	15.6
7	-0.214460	1.796408	86.735983	0.002012	16.0
8	-0.212224	1.697716	87.113121	0.002162	15.5
9	-0.212046	2.697716	83.437108	0.001975	15.5
10	-0.227730	3.697716	80.058775	0.000554	15.2
11	-0.219325	3.599479	80.378485	0.001178	15.2
12	-0.206697	3.899900	79.408707	0.000794	15.8
13	-0.210536	3.821139	79.660682	0.000529	14.9
14	-0.210498	3.739457	79.923699	0.000684	15.0
15	-0.217717	3.667973	80.155304	0.001141	15.8
16	-0.219659	3.999646	79.091875	0.002355	15.7
17	-0.213429	4.999636	76.049869	0.003714	14.4
18	-0.219013	5.999636	73.233169	0.001823	15.0
19	-0.212861	6.999636	70.617665	0.004059	14.5
20	-0.209457	7.999636	68.182542	0.001959	14.1
21	-0.214404	8.999636	65.909763	0.000730	14.9
22	-0.215356	9.936724	63.913325	0.000880	14.5
23	-0.215112	10.006517	63.769461	0.004400	14.1
24	-0.208138	9.907819	63.973095	0.002013	14.7
25	-0.200585	10.907819	61.968161	0.001636	14.2
26	-0.206762	10.809119	62.160442	0.002480	14.7
27	-0.216194	11.809119	60.265833	0.000454	14.6
28	-0.215294	11.717198	60.435153	0.002134	14.3
29	-0.219058	12.058714	59.810822	0.001182	14.3
30	-0.215308	13.058691	58.054753	0.000854	14.9
31	-0.220937	13.712108	56.961935	0.001855	14.5
32	-0.212658	13.613633	57.123992	0.001402	14.3
33	-0.215983	14.613610	55.520035	0.001084	14.1
34	-0.222572	15.609097	54.010316	0.000803	14.1
35	-0.213885	16.370500	52.909886	0.000803	16.4
36	-0.211537	16.276992	53.042608	0.000532	14.1
37	-0.210428	16.192379	53.163281	0.001123	14.7
38	-0.211900	16.099414	53.296499	0.000642	15.1
39	-0.204452	16.018620	53.412819	0.000409	14.4
40	-0.218391	15.980734	53.467540	0.001003	14.2
41	-0.216639	15.971180	53.481356	0.001528	14.0
42	-0.211411	15.872551	53.624413	0.000357	14.0
43	-0.219719	15.801500	53.727943	0.000782	14.4
44	-0.208185	15.733567	53.827304	0.001832	15.4
45	-0.231844	16.727596	52.409088	0.000327	14.6
46	-0.204627	17.149632	51.829305	0.001333	14.2
47	-0.226463	17.301476	51.623830	0.001473	14.3
48	-0.213561	18.300617	50.311396	0.001612	15.3
49	-0.216562	18.201918	50.438065	0.003915	14.3
50	-0.218710	19.201918	49.183447	0.002710	14.9
51	-0.215608	20.201918	47.989729	0.000546	14.6
52	-0.212641	21.180262	46.876639	0.000538	14.2
53	-0.209001	21.242424	46.807657	0.000275	14.7
54	-0.226100	21.218999	46.833628	0.000820	14.9
55	-0.204849	21.342314	46.697232	0.000623	14.4
56	-0.219859	21.558460	46.460066	0.000879	14.2
57	-0.218923	21.465405	46.561875	0.001317	14.5
58	-0.226976	21.367296	46.669697	0.001612	14.9
59	-0.217269	22.367098	45.593756	0.000068	14.7
60	-0.216023	22.354645	45.606852	0.000783	14.8
61	-0.220061	22.348272	45.613558	0.001296	14.0
62	-0.236253	22.250030	45.717168	0.000888	25.9
63	-0.214030	22.152759	45.820219	0.001259	16.9
64	-0.217910	22.719996	45.225733	0.002406	15.6
65	-0.211161	23.719994	44.214426	0.001103	17.0
66	-0.225650	24.719987	43.247363	0.003285	16.2
67	-0.215709	25.719987	42.321691	0.002464	16.1
68	-0.218175	26.719987	41.434816	0.003284	17.1
69	-0.225569	26.621287	41.520694	0.000546	15.7
70	-0.229553	26.522647	41.606876	0.002918	16.7
71	-0.210220	27.506148	40.763263	0.004558	14.2
72	-0.219283	28.506148	39.939865	0.002110	14.5
73	-0.198807	29.506148	39.149073	0.002275	14.9
74	-0.214884	29.407448	39.225729	0.000660	14.8
75	-0.218518	30.362265	38.496528	0.001797	14.7
76	-0.212043	30.263838	38.570442	0.000812	14.7
77	-0.218479	30.165271	38.644746	0.001216	14.4
78	-0.223128	31.097764	37.953047	0.000852	14.5
79	-0.218281	31.674004	37.537850	0.001094	14.0
80	-0.212043	32.580614	36.902691	0.001054	14.9
81	-0.210593	33.558292	36.241400	0.000866	14.3
82	-0.217262	33.465625	36.303060	0.002112	15.5
83	-0.218240	33.367052	36.368881	0.003047	14.4
84	-0.210687	34.367052	35.712013	0.000434	15.0
85	-0.218982	35.318344	35.108789	0.001447	14.4
86	-0.206807	35.871006	34.767609	0.003470	15.8
87	-0.219285	36.871006	34.166831	0.000691	20.6
88	-0.219608	36.772307	34.225202	0.002812	19.3
89	-0.216964	37.770353	33.643985	0.001614	19.4
90	-0.216146	38.770353	33.081097	0.001301	20.0
91	-0.218602	39.770005	32.536921	0.001642	18.4
92	-0.211825	40.768508	32.010954	0.002743	15.8
93	-0.222365	41.768508	31.500970	0.001815	14.0
94	-0.216075	41.669807	31.550582	0.000847	14.1
95	-0.214929	41.572112	31.599842	0.000889	14.7
96	-0.215202	41.736043	31.517271	0.003425	14.1
97	-0.213385	41.637342	31.566934	0.000638	14.4
98	-0.211101	42.636229	31.071434	0.000500	15.9
99	-0.213381	42.621318	31.078716	0.001190	15.5
100	-0.220058	42.538590	31.119181	0.001387	14.7
101	-0.216068	43.527873	30.642090	0.002618	13.8
102	-0.219849	44.527873	30.174471	0.000547	14.3
103	-0.220885	45.511368	29.728285	0.001077	15.0
104	-0.212229	45.419292	29.769496	0.000277	14.0
105	-0.198483	45.352239	29.799580	0.001032	14.2
106	-0.208397	45.415865	29.771033	0.001420	14.2
107	-0.216625	45.317214	29.815319	0.001523	14.5
108	-0.216483	45.218517	29.859758	0.001485	14.2
109	-0.204121	46.218297	29.415635	0.001514	17.8
110	-0.221436	46.119598	29.458890	0.001033	14.0
111	-0.213613	46.021331	29.502083	0.001183	15.1
112	-0.220299	45.923342	29.545280	0.000436	13.8
113	-0.215524	45.980317	29.520148	0.001102	14.4
114	-0.214323	46.075757	29.478145	0.002501	14.1
115	-0.209789	47.075754	29.045127	0.001204	18.9
116	-0.215357	48.075751	28.624645	0.001624	15.5
117	-0.220109	47.977053	28.665604	0.003129	16.1
118	-0.224371	48.977053	28.255961	0.000256	16.3
119	-0.214955	48.880280	28.295091	0.001083	14.9
120	-0.226345	49.021647	28.237966	0.000724	15.2
121	-0.216453	49.762905	27.942167	0.001060	14.5
122	-0.218179	49.665928	27.980512	0.001867	14.3
123	-0.210086	49.567231	28.019647	0.001617	14.8
124	-0.202661	50.567225	27.628134	0.000646	14.6
125	-0.217555	51.514105	27.267369	0.000732	14.7
126	-0.216576	51.988817	27.090025	0.000317	14.8
127	-0.229676	52.042341	27.070174	0.002445	13.9
128	-0.219716	52.118076	27.042135	0.000724	13.9
129	-0.225293	53.116145	26.677978	0.000512	14.9
130	-0.215389	53.358859	26.590898	0.000780	14.8
131	-0.220946	53.280303	26.619020	0.001162	14.8
132	-0.218010	53.186796	26.652571	0.002447	17.2
133	-0.207721	54.186780	26.298092	0.000301	15.0
134	-0.220702	54.111729	26.324369	0.001305	14.2
135	-0.214386	54.065421	26.340609	0.000798	15.7
136	-0.213228	53.973008	26.373077	0.000570	14.7
137	-0.218283	54.061744	26.341899	0.003416	14.0
138	-0.203985	53.972271	26.373336	0.001143	13.8
139	-0.211500	54.972271	26.026191	0.000523	14.8
140	-0.220425	55.597387	25.813790	0.000737	14.0
141	-0.209373	55.970422	25.688684	0.000555	14.0
142	-0.212661	55.892921	25.714576	0.000562	